N,종목명,현재가,전일비,등락률,액면가,거래량,시가,고가,저가,매수호가,매도호가,거래대금,전일거래량,매수총잔량,매도총잔량,상장주식수,외국인비율,시가총액,매출액,자산총계,부채총계,영업이익,매출액증가율,당기순이익,주당순이익,보통주배당금,영업이익증가율,PER,ROE,ROA,PBR,유보율
1,삼성전자,"71,600","1,300",-1.78%,100,"9,784,295","72,700","72,700","71,200","71,500","71,600","701,228","13,232,638","4,289,200","691,353","5,969,783",52.10,"4,274,364","2,796,048","4,266,212","1,217,212","516,339",18.07,"399,075","5,777","1,444",43.45,12.41,13.92,9.92,1.64,"33,143.6"
2,LG에너지솔루션,"429,000","8,000",-1.83%,500,"204,894","433,500","436,500","428,500","429,000","429,500","88,229","460,544","41,749","11,773","234,000",3.57,"1,003,860","14,611","199,418","123,764","-4,752",N/A,"-4,518","1,475",0,N/A,290.85,N/A,N/A,10.77,"6,778.4"
3,SK하이닉스,"124,000","5,000",-3.88%,"5,000","2,275,540","127,500","128,000","124,000","124,000","124,500","285,449","3,088,097","1,056,243","509,889","728,002",50.89,"906,363","319,004","711,739","192,648","50,126",18.19,"47,589","11,061","1,170",84.34,11.26,9.53,6.98,1.46,"1,398.2"
4,삼성전자우,"65,500",600,-0.91%,100,"607,924","65,800","65,900","65,200","65,500","65,600","39,868","1,229,063","466,639","68,550","822,887",74.60,"539,814",N/A,N/A,N/A,N/A,N/A,N/A,"5,777",N/A,N/A,11.36,N/A,N/A,1.50,N/A
5,NAVER,"319,000","6,500",-2.00%,100,"210,247","325,500","326,000","317,000","318,500","319,000","67,312","580,888","43,211","19,075","164,049",55.02,"523,317","53,041","170,142","87,591","12,153",21.76,"8,450","101,024",402,5.22,3.16,15.22,5.77,2.01,"51,258.5"
6,삼성바이오로직스,"778,000","9,000",-1.14%,"2,500","23,833","788,000","794,000","773,000","777,000","778,000","18,582","45,302","4,468","1,968","66,165",10.47,"514,102","11,648","64,242","18,254","2,928",N/A,"2,410","6,130",0,N/A,126.75,N/A,N/A,10.46,"2,684.8"
7,카카오,"94,700","1,900",-1.97%,100,"1,087,769","96,200","96,300","94,500","94,700","94,800","103,415","1,738,057","213,385","51,036","445,962",28.30,"422,772","41,568","119,540","45,262","4,559",35.40,"1,734","2,540",30,120.45,37.32,2.70,1.68,4.67,"13,881.0"
8,LG화학,"535,000","23,000",-4.12%,"5,000","210,721","552,000","554,000","534,000","534,000","535,000","113,887","228,286","29,736","9,760","70,592",48.96,"376,963","300,765","413,889","225,985","17,982",9.96,"6,824","38,376","10,000",117.85,13.91,2.93,1.81,1.95,"4,565.0"
9,현대차,"173,500","4,000",-2.25%,"5,000","449,338","176,500","177,500","173,000","173,500","174,000","78,503","1,244,300","262,883","64,007","213,668",26.99,"371,783","1,039,976","2,093,442","1,330,032","23,947",-1.65,"19,246","19,734","3,000",-33.58,8.82,2.04,0.95,0.61,"4,909.5"
10,삼성SDI,"529,000","22,000",-3.99%,"5,000","197,928","548,000","548,000","529,000","532,000","533,000","105,983","149,397","37,625","13,179","68,765",44.21,"363,764","135,532","258,332","106,365","10,676",20.00,"12,504","16,621","1,000",59.02,31.83,8.45,5.28,2.41,"3,789.7"
11,기아,"73,300",500,-0.68%,"5,000","709,962","73,500","73,800","72,800","73,100","73,200","52,058","2,118,453","139,092","59,938","405,363",34.97,"297,131","591,681","604,904","305,988","20,665",1.76,"14,876","11,038","1,000",2.83,6.62,5.05,2.57,0.87,"1,350.4"
12,POSCO,"289,500","1,000",-0.34%,"5,000","140,272","291,000","293,500","288,000","289,000","289,500","40,726","361,119","20,136","18,080","87,187",53.06,"252,406","577,928","790,870","314,124","24,030",-10.21,"17,882","66,751","8,000",-37.89,4.34,3.61,2.26,0.45,"9,830.4"
13,KB금융,"57,500",900,-1.54%,"5,000","887,242","57,700","57,800","56,500","57,400","57,500","50,688","1,362,111","123,798","63,074","415,808",72.08,"239,090","556,802","6,106,722","5,673,107","46,160",18.04,"35,023","10,461","1,770",2.79,5.49,8.53,0.62,0.48,"2,028.5"
14,카카오뱅크,"48,650",50,+0.10%,"5,000","1,482,621","48,350","50,300","48,350","48,750","48,800","73,027","1,014,446","41,650","45,766","475,159",16.22,"231,165","8,042","266,500","238,530","1,226",20.94,"1,136",309,0,824.60,157.44,5.08,0.46,4.22,37.2
15,셀트리온,"166,500","4,500",-2.63%,"1,000","342,245","169,000","172,000","166,000","166,500","167,000","57,819","1,198,178","66,783","28,715","137,956",20.57,"229,696","18,491","50,477","15,925","7,121",63.86,"5,192","3,930",19,88.36,42.37,16.68,11.61,6.08,"2,467.2"
16,현대모비스,"225,500","1,500",-0.66%,"5,000","63,360","227,500","228,000","225,000","225,000","225,500","14,315","145,825","21,772","24,563","94,573",34.41,"212,789","366,265","484,977","151,696","18,303",-3.74,"15,269","24,841","4,000",-22.42,9.06,4.66,3.21,0.59,"6,974.1"
17,삼성물산,"111,500","1,500",-1.33%,100,"110,519","113,000","113,000","110,000","111,000","111,500","12,283","228,938","75,482","73,068","186,887",15.96,"208,379","302,161","543,317","213,863","8,571",-1.77,"11,607","8,789","2,300",-1.12,12.63,3.81,2.32,0.62,"99,776.8"
18,LG전자,"123,500","4,000",-3.14%,"5,000","462,454","126,500","127,000","123,000","123,500","124,000","57,668","799,782","286,259","118,022","163,648",28.57,"202,105","632,620","482,042","306,621","31,950",1.53,"20,638","6,931","1,200",31.15,17.82,13.23,4.44,1.27,"1,833.3"
19,신한지주,"38,150",400,-1.04%,"5,000","586,722","38,250","38,400","37,750","38,100","38,150","22,298","1,034,752","105,764","65,199","516,600",62.29,"197,083","290,007","6,052,341","5,588,772","49,297",-3.35,"34,981","7,534","1,500",-2.31,5.06,8.20,0.60,0.43,"1,483.4"
20,SK이노베이션,"212,000",500,-0.24%,"5,000","194,759","213,000","214,500","208,500","211,500","212,000","41,207","443,329","32,701","33,246","92,466",23.44,"196,027","341,645","384,981","230,397","-25,688",-30.71,"-21,467",-34,0,-330.67,"-6,235.29",-13.58,-5.50,1.04,"3,379.0"
21,카카오페이,"144,000","3,000",-2.04%,500,"86,131","148,000","148,000","143,000","144,500","145,000","12,451","171,375","34,320","18,942","131,949",42.66,"190,007","2,844","12,080","10,038",-179,101.53,-251,-201,0,72.58,-716.42,-17.97,-2.89,73.15,"1,534.5"
22,HMM,"36,100","5,100",+16.45%,"5,000","34,995,856","31,350","36,150","31,050","35,150","35,200","1,202,558","8,387,135","192,206","610,576","489,039",11.56,"176,788","64,133","93,734","76,848","9,808",16.33,"1,240","7,939",0,427.26,4.55,8.93,1.50,1.91,-176.1
23,SK,"229,000","3,500",-1.51%,200,"65,803","232,500","234,000","228,000","229,000","229,500","15,189","94,123","20,893","6,224","74,149",21.78,"170,173","818,201","1,376,384","857,785","-1,645",-16.35,"-1,084","8,557","7,000",-104.40,26.82,1.11,-0.08,0.59,"127,125.6"
24,한국전력,"23,950",150,-0.62%,"5,000","1,472,737","24,050","24,250","23,800","23,900","23,950","35,321","5,832,722","338,953","331,400","641,964",14.71,"153,750","585,693","2,031,421","1,324,753","40,863",-1.02,"20,925","-1,697","1,216",420.11,-14.11,2.91,1.04,0.23,"1,657.5"
25,LG생활건강,"949,000","10,000",-1.04%,"5,000","22,474","959,000","969,000","944,000","949,000","950,000","21,394","32,954","4,320",896,"15,618",41.78,"148,217","80,915","75,552","20,574","12,896",3.15,"8,611","47,665","12,000",5.63,19.91,16.65,12.00,2.95,"6,300.2"
26,크래프톤,"284,500","14,000",-4.69%,100,"157,383","296,500","297,500","284,000","285,000","285,500","45,392","121,273","23,297","8,150","49,072",29.67,"139,610","16,704","17,191","5,050","7,739",53.61,"5,563","12,758",0,115.39,22.30,61.86,41.07,2.94,"24,347.3"
27,하나금융지주,"46,350",900,-1.90%,"5,000","433,220","46,800","46,800","46,050","46,300","46,350","20,188","893,191","60,033","20,005","300,242",71.33,"139,162","482,159","4,603,133","4,287,130","38,364",25.62,"26,849","10,706","1,850",17.73,4.33,8.96,0.61,0.40,"2,025.0"
28,두산중공업,"21,600",350,+1.65%,"5,000","10,089,234","21,350","21,900","21,000","21,750","21,800","217,198","14,544,579","401,291","1,637,617","605,103",8.73,"130,400","151,324","255,672","184,607","1,541",-3.37,"-8,384",332,0,-85.69,64.91,-37.20,-3.33,2.10,31.8
29,삼성전기,"165,500","5,000",-2.93%,"5,000","354,807","170,000","170,500","165,000","165,500","166,000","59,173","468,608","178,911","57,725","74,694",29.77,"123,618","96,750","99,414","30,702","14,869",24.79,"9,154","11,500","2,100",62.90,14.39,14.29,9.55,1.87,"1,510.5"
30,SK텔레콤,"56,200","1,300",+2.37%,100,"687,346","54,900","56,200","54,400","55,900","56,000","38,054","432,559","49,890","64,987","218,833",45.04,"122,984","186,247","479,070","235,107","13,493",4.98,"15,005","6,446","2,000",21.76,8.72,6.44,3.22,0.76,"58,016.1"
31,삼성생명,"60,600",700,-1.14%,500,"100,536","61,400","61,400","60,400","60,400","60,500","6,097","217,201","35,893","11,238","200,000",12.71,"121,000","345,343","3,365,693","2,929,587","17,900",8.59,"13,705","7,822","2,500",42.91,7.73,3.53,0.42,0.29,"45,621.0"
32,LG,"74,700",600,+0.81%,"5,000","130,173","74,100","74,700","73,500","74,400","74,500","9,654","287,319","14,470","16,002","157,301",36.30,"117,504","66,321","242,823","34,210","17,022",1.50,"15,407","15,161","2,500",71.20,4.93,7.50,6.60,0.56,"2,245.6"
33,하이브,"275,500","3,000",-1.08%,500,"128,370","278,000","280,000","273,000","275,000","275,500","35,431","330,762","20,129","10,859","41,353",15.10,"113,929","7,963","19,244","7,255","1,455",35.60,871,"2,811",0,47.37,98.01,12.52,7.61,5.39,"6,604.1"
34,SK바이오사이언스,"146,000","3,000",-2.01%,500,"197,571","149,000","149,000","144,000","145,500","146,000","28,876","375,934","55,384","28,970","76,500",5.49,"112,072","2,256","5,622","2,984",377,22.66,329,"2,597",N/A,65.42,56.41,13.25,6.81,7.89,763.9
35,KT&G,"80,600",200,+0.25%,"5,000","126,204","80,500","80,700","80,100","80,400","80,500","10,181","163,444","22,980","61,650","137,292",36.52,"110,520","53,016","114,684","23,768","14,811",6.82,"11,716","8,673","4,800",7.35,9.28,13.22,10.55,1.07,902.0
36,삼성에스디에스,"139,500","2,500",-1.76%,500,"32,394","142,000","142,000","139,500","139,500","140,000","4,544","54,178","24,354","14,482","77,378",11.47,"108,329","110,174","91,549","22,958","8,716",2.78,"4,529","8,783","2,400",-11.97,15.94,6.71,4.98,1.51,"17,986.5"
37,아모레퍼시픽,"184,000","2,500",-1.34%,500,"94,795","187,000","189,000","183,500","183,500","184,000","17,622","123,549","13,538","10,971","58,493",30.20,"107,627","44,322","57,019","12,375","1,430",-20.57,219,"2,593",800,-66.57,70.96,0.78,0.37,2.62,"13,246.9"
38,고려아연,"564,000","12,000",+2.17%,"5,000","30,827","557,000","564,000","545,000","557,000","558,000","17,084","60,525","1,661","3,780","18,870",18.58,"106,238","75,819","84,996","14,126","8,974",13.25,"5,748","39,987","15,000",11.43,14.08,8.37,7.04,1.35,"7,415.2"
39,S-Oil,"89,900",600,+0.67%,"2,500","474,490","88,800","92,000","86,900","89,600","89,700","42,562","842,086","6,707","5,812","112,583",77.93,"100,987","168,297","156,905","100,080","-10,991",-31.01,"-7,961","10,387",0,-361.65,8.64,-13.07,-4.97,1.57,"1,841.2"
40,현대중공업,"113,500",500,+0.44%,"5,000","152,772","112,000","114,500","111,000","113,500","114,000","17,202","374,950","41,636","44,057","88,773",2.42,"100,757","83,120","137,997","84,389",325,52.33,"15,152","3,270",360,-25.70,4.22,5.87,0.40,0.40,640.0
41,우리금융지주,"13,800",350,-2.47%,"5,000","1,801,095","13,950","14,050","13,700","13,800","13,850","24,906","2,354,759","877,740","545,332","728,061",34.05,"100,472","286,376","3,990,810","3,723,552","20,804",26.11,"-4,314","-9,163",0,-74.89,-12.33,-7.86,-3.12,1.63,"1,168.5"
42,대한항공,"28,550",250,-0.87%,"5,000","784,406","28,900","28,950","28,550","28,550","28,600","22,496","1,278,390","333,571","142,968","347,821",12.45,"99,477","76,062","251,901","218,783","1,089",-38.58,"-2,300","2,129",0,-38.15,13.43,-7.22,-0.88,1.59,113.6
43,엔씨소프트,"438,500","21,000",-4.57%,500,"178,997","457,500","457,500","438,000","438,500","439,000","79,228","125,339","22,022","3,451","21,954",43.41,"96,268","24,162","40,812","9,365","8,248",42.03,"5,866","16,197","8,550",72.19,27.07,20.83,15.80,2.88,"29,973.4"
44,삼성화재,"190,000",500,+0.26%,500,"39,543","189,500","191,000","188,000","189,500","190,000","7,494","107,526","23,837","15,617","47,375",48.76,"90,012","240,449","925,964","763,138","10,444",4.97,"7,573","23,131","8,800",20.61,8.21,4.96,0.85,0.53,"67,009.0"
45,포스코케미칼,"115,500","2,000",-1.70%,500,"73,463","117,000","117,000","114,500","115,000","115,500","8,484","193,958","51,715","21,910","77,463",6.40,"89,470","15,662","20,881","10,644",603,5.56,297,"1,791",285,-32.93,64.49,2.96,1.56,3.78,"3,192.2"
46,넷마블,"102,000","2,500",-2.39%,100,"102,658","105,000","105,000","101,500","102,000","102,500","10,507","164,184","75,286","41,013","85,954",22.92,"87,673","24,848","82,234","25,728","2,720",14.05,"3,380","2,704",767,34.24,37.72,6.35,4.82,1.45,"59,559.9"
47,SK아이이테크놀로지,"121,500","4,000",-3.19%,"1,000","139,078","124,500","124,500","121,000","122,000","122,500","16,989","180,437","107,366","29,695","71,298",10.64,"86,627","4,693","19,916","7,834","1,252",78.42,882,"1,521",0,55.44,79.88,11.00,6.36,3.89,"1,864.3"
48,KT,"32,250",400,+1.26%,"5,000","604,380","31,800","32,250","31,600","32,150","32,200","19,464","688,452","42,767","113,953","261,112",39.78,"84,209","239,167","336,625","181,111","11,841",-1.75,"7,034","3,914","1,350",2.12,8.24,4.76,2.06,0.52,869.0
49,LG이노텍,"336,500","8,500",-2.46%,"5,000","309,454","344,000","348,000","336,000","336,500","337,000","105,618","638,212","23,158","11,948","23,667",22.88,"79,640","149,456","77,414","44,271","12,642",56.63,"8,883","37,532","3,000",85.64,8.97,30.94,12.89,2.40,"2,688.8"
50,기업은행,"10,550",150,-1.40%,"5,000","330,849","10,650","10,650","10,550","10,550","10,600","3,502","1,498,894","756,452","534,761","744,301",14.03,"78,524","185,746","3,616,162","3,364,738","21,255",9.66,"15,479","2,702",471,-4.60,3.92,6.44,0.46,0.30,501.0
N,종목명,현재가,전일비,등락률,액면가,거래량,시가,고가,저가,매수호가,매도호가,거래대금,전일거래량,매수총잔량,매도총잔량,상장주식수,외국인비율,시가총액,매출액,자산총계,부채총계,영업이익,매출액증가율,당기순이익,주당순이익,보통주배당금,영업이익증가율,PER,ROE,ROA,PBR,유보율
51,SK스퀘어,"53,400","1,700",-3.09%,100,"695,532","54,600","54,700","53,200","53,300","53,400","37,309","1,417,086","191,213","27,117","141,468",39.12,"75,544",N/A,N/A,N/A,N/A,N/A,N/A,N/A,N/A,N/A,N/A,N/A,N/A,N/A,N/A
52,롯데케미칼,"202,000","5,000",-2.42%,"5,000","97,699","207,000","208,000","202,000","202,500","203,000","20,000","190,787","34,167","9,506","34,275",24.70,"69,236","122,230","193,865","56,742","3,569",-19.18,"1,753","39,751","3,600",-67.77,5.08,1.22,0.89,0.48,"7,560.8"
53,한화솔루션,"35,650",0,0.00%,"5,000","456,543","35,700","35,950","35,250","35,850","35,900","16,289","1,176,844","30,003","42,244","191,278",18.49,"68,382","91,950","151,373","91,696","5,942",-2.77,"3,017","3,913",0,29.41,9.14,5.30,1.96,0.83,636.7
54,SK바이오팜,"85,400","1,200",-1.39%,500,"53,205","86,600","86,800","85,300","85,600","85,700","4,564","90,849","8,821","4,447","78,313",5.85,"67,036",260,"5,002","1,212","-2,395",-79.01,"-2,474",-516,N/A,-202.17,-165.89,-135.18,-77.40,16.90,862.9
55,현대글로비스,"178,000",500,+0.28%,500,"68,264","177,000","181,500","175,000","177,500","178,000","12,162","103,212","10,620","18,344","37,500",43.15,"66,750","165,199","108,987","58,323","6,622",-9.58,-706,"4,413",0,97.86,4.24,-0.79,-0.20,0.51,546.4
56,LG디스플레이,"18,650",400,-2.10%,"5,000","1,241,020","18,900","18,950","18,550","18,700","18,750","23,194","1,653,784","683,608","251,998","357,816",17.32,"66,733","242,301","350,715","223,346",-291,3.21,"6,061","18,548","3,500",-24.46,9.60,12.45,5.77,1.20,"27,309.0"
57,한국조선해양,"93,700","2,200",+2.40%,"5,000","228,576","92,000","94,700","92,000","93,200","93,300","21,384","240,570","5,030","18,469","70,773",19.92,"66,314","149,037","252,442","128,230",744,-1.84,"-8,352","-18,227",0,-74.37,-5.14,-7.42,-3.32,0.64,"5,035.7"
58,F&F,"845,000","19,000",-2.20%,500,"10,147","864,000","868,000","839,000","846,000","847,000","8,594","15,220","1,507",333,"7,661",14.55,"64,739",N/A,N/A,N/A,N/A,N/A,N/A,N/A,N/A,N/A,N/A,N/A,N/A,15.30,N/A
59,한온시스템,"11,600",300,-2.52%,100,"429,123","11,950","12,050","11,550","11,600","11,650","5,044","988,000","106,337","49,978","533,800",17.56,"61,921","68,728","78,074","55,680","3,158",-3.93,"1,135",548,320,-34.73,21.26,5.09,1.52,2.71,"4,208.4"
60,LG유플러스,"13,300",100,+0.76%,"5,000","545,838","13,200","13,300","13,100","13,250","13,300","7,205","625,312","306,150","302,770","436,611",36.00,"57,851","134,176","183,502","106,990","8,862",8.36,"4,781",899,450,29.13,14.74,6.46,2.64,0.75,186.7
61,강원랜드,"26,650",100,-0.37%,500,"417,387","26,700","26,800","26,400","26,600","26,650","11,090","896,797","76,438","118,199","213,940",18.23,"57,015","4,786","36,416","3,946","-4,316",-68.52,"-2,759",-154,0,-186.12,-173.05,-7.92,-6.83,1.66,"3,098.2"
62,에스디바이오센서,"55,100",100,-0.18%,500,"638,798","55,300","56,900","54,800","55,100","55,200","35,638","545,224","43,260","30,576","103,271",10.85,"56,903","16,862","14,617","7,041","7,383","2,187.00","6,216","6,597",535,"82,345.59",8.35,139.97,76.50,2.66,"1,504.8"
63,CJ제일제당,"370,000","1,000",-0.27%,"5,000","11,445","371,000","371,000","366,000","367,000","368,000","4,214","38,093","4,122","1,104","15,054",22.52,"55,625","242,457","256,119","154,455","13,596",8.47,"7,864","29,324","4,000",51.59,12.60,13.50,3.03,0.98,"6,940.2"
64,맥쿼리인프라,"13,650",100,-0.73%,0,"576,826","13,700","13,750","13,650","13,650","13,700","7,893","948,778","462,919","1,179,579","404,846",14.08,"55,261",N/A,N/A,N/A,N/A,N/A,N/A,N/A,N/A,N/A,N/A,N/A,N/A,N/A,N/A
65,현대제철,"40,750",550,-1.33%,"5,000","278,772","41,350","41,600","40,700","40,750","40,800","11,478","572,298","18,083","7,538","133,446",21.21,"54,379","180,234","348,450","181,520",730,-12.14,"-4,401","6,532",500,-77.96,6.24,-2.59,-1.27,0.31,"2,224.0"
66,미래에셋증권,"8,800",120,-1.35%,"5,000","437,705","8,900","8,900","8,750","8,780","8,790","3,849","812,547","89,287","36,226","615,316",13.69,"54,148","168,358","1,309,469","1,216,007","11,171",9.10,"8,343","1,462",200,53.46,6.01,8.94,0.62,0.53,136.8
67,KODEX 200,"36,525",625,-1.68%,0,"2,983,834","37,010","37,040","36,415","36,525","36,530","109,167","4,082,459","32,812","23,667","145,450",11.14,"53,126",N/A,N/A,N/A,N/A,N/A,N/A,N/A,N/A,N/A,N/A,N/A,N/A,N/A,N/A
68,삼성중공업,"6,020",30,+0.50%,"1,000","3,217,694","5,970","6,070","5,960","6,020","6,030","19,329","5,911,795","352,729","753,478","880,000",14.60,"52,976","68,603","129,222","92,039","-10,541",-6.66,"-14,927","-2,454",0,-70.97,-2.45,-33.06,-11.26,1.30,57.7
69,코웨이,"70,000","1,100",-1.55%,500,"53,892","71,300","71,300","70,000","70,000","70,100","3,797","123,681","8,647","6,161","73,800",60.95,"51,660","32,374","30,290","15,390","6,064",7.24,"4,047","6,039","1,200",32.33,11.61,31.51,13.76,2.81,"3,720.8"
70,SKC,"136,000","4,500",-3.20%,"5,000","75,140","140,000","140,000","136,000","136,000","136,500","10,314","143,126","30,513","13,160","37,868",16.51,"51,501","27,022","54,064","34,913","1,908",14.45,736,"4,909","1,000",36.52,27.70,2.21,1.57,2.39,898.5
71,현대건설,"45,550",100,+0.22%,"5,000","576,572","45,000","45,950","44,800","45,450","45,500","26,249","1,121,308","24,206","44,196","111,356",23.26,"50,723","169,709","179,393","91,729","5,490",-1.78,"2,277","1,504",600,-36.14,30.29,1.84,1.26,0.73,"1,134.1"
72,삼성엔지니어링,"25,000",800,+3.31%,"5,000","2,132,690","24,200","25,050","24,100","24,900","24,950","53,112","1,102,375","79,647","491,225","196,000",36.96,"49,000","67,492","47,556","31,738","3,612",5.59,"2,521","1,807",N/A,-14.56,13.84,17.32,5.41,2.52,68.1
73,금호석유,"157,000","3,500",-2.18%,"5,000","52,128","160,000","160,500","157,000","157,500","158,000","8,242","85,604","19,697","10,012","30,296",20.29,"47,564","48,095","50,273","18,780","7,422",-3.06,"5,830","55,913","4,200",103.13,2.81,20.18,12.19,0.91,"1,841.6"
74,메리츠금융지주,"34,200",850,-2.43%,500,"202,794","34,900","34,900","33,800","34,350","34,400","6,944","407,170","7,901","4,401","134,011",8.40,"45,832","284,706","695,644","626,871","13,721",27.58,"9,253","5,309",900,42.58,6.44,16.06,1.41,1.19,"9,535.1"
75,메리츠화재,"37,250",950,-2.49%,500,"231,857","37,750","37,850","36,750","37,300","37,350","8,645","520,569","17,549","7,289","120,625",11.91,"44,872","111,326","253,593","226,762","6,080",10.03,"4,318","4,819","1,280",72.36,7.72,16.91,1.78,1.72,"4,429.9"
76,한국금융지주,"79,200",800,-1.00%,"5,000","44,931","79,900","79,900","78,600","79,200","79,300","3,551","122,791","8,162","6,939","55,726",35.02,"44,135","165,117","704,377","648,054","8,564",53.29,"8,600","29,221","3,000",-9.07,2.71,16.27,1.31,0.65,"1,745.4"
77,한국타이어앤테크놀로지,"34,450",50,-0.14%,500,"90,854","34,250","34,500","34,150","34,350","34,400","3,157","427,891","18,580","7,057","123,875",41.04,"42,613","64,531","106,585","32,464","6,283",-6.25,"3,852","5,332",650,15.50,6.45,5.12,3.70,0.52,"12,331.9"
78,유한양행,"58,100",200,-0.34%,"1,000","84,945","58,100","58,600","57,700","58,200","58,300","4,948","105,885","24,516","24,001","73,231",17.55,"42,547","16,199","23,935","5,470",843,9.42,"1,904","1,319",365,572.12,44.05,11.06,8.44,2.09,"2,653.9"
79,현대중공업지주,"53,600",700,+1.32%,"1,000","93,197","53,200","54,000","52,500","53,500","53,600","4,958","180,689","7,896","23,428","78,993",16.66,"42,340","189,110","265,590","154,611","-5,971",-28.99,"-7,897","-4,314","3,700",-189.58,-12.42,-8.12,-3.02,0.59,"9,094.2"
80,한국가스공사,"45,300","2,750",+6.46%,"5,000","1,319,175","42,200","45,950","42,050","45,500","45,550","58,482","773,666","9,697","56,479","92,313",10.21,"41,818","208,337","359,098","281,746","8,989",-16.61,"-1,607","4,814",0,-32.65,9.41,-2.24,-0.43,0.49,"1,561.9"
81,일진머티리얼즈,"90,100","2,500",-2.70%,500,"129,699","92,200","92,600","90,100","90,300","90,400","11,819","204,029","16,738","5,276","46,111",13.17,"41,546","5,369","10,810","2,274",509,-2.42,427,"1,378",200,8.58,65.38,7.23,4.04,6.23,"2,558.6"
82,DB손해보험,"58,500",400,-0.68%,500,"125,847","58,600","59,300","57,600","58,300","58,400","7,341","127,542","17,289","8,508","70,800",42.95,"41,418","201,106","600,513","535,467","7,310",7.68,"5,611","11,259","2,200",43.65,5.20,9.08,0.97,0.54,"18,705.3"
83,메리츠증권,"5,980",170,-2.76%,"1,000","547,460","6,150","6,160","5,960","5,980","5,990","3,294","2,262,650","131,774","14,991","681,731",12.85,"40,767","166,049","438,470","390,582","8,280",39.39,"5,651",985,320,21.78,6.07,13.08,1.36,0.77,518.2
84,아모레G,"48,000","1,000",-2.04%,500,"65,575","49,000","49,250","47,950","47,950","48,000","3,174","102,416","9,489","3,077","82,458",15.88,"39,580","49,301","77,887","15,167","1,507",-21.55,220,"1,781",230,-69.76,26.95,0.31,0.27,1.28,"7,107.1"
85,쌍용C&E,"7,720",50,-0.64%,100,"205,547","7,780","7,790","7,680","7,710","7,720","1,587","380,844","82,594","78,391","503,860",3.15,"38,898","14,708","33,268","16,371","2,502",-4.40,"1,382",409,440,9.14,18.85,7.92,4.13,2.28,"3,389.3"
86,GS,"41,800",100,+0.24%,"5,000","124,365","41,600","42,100","41,400","41,750","41,800","5,194","256,153","9,087","24,610","92,915",19.35,"38,839","154,442","244,768","137,203","9,206",-13.17,"-1,878","11,022","1,900",-54.72,3.79,-2.82,-0.76,0.41,"2,326.4"
87,팬오션,"7,230",240,+3.43%,"1,000","10,608,272","6,990","7,300","6,920","7,150","7,160","75,910","10,909,984","191,261","225,882","534,570",12.74,"38,649","24,972","46,593","18,527","2,252",1.19,907,582,50,7.23,12.42,3.25,1.99,1.15,424.8
88,두산밥캣,"38,250",100,-0.26%,500,"47,174","38,500","38,900","38,050","38,250","38,300","1,834","152,582","5,418","4,573","100,249",25.34,"38,295","42,821","69,606","28,868","3,939",-5.05,"2,475","3,655",0,-17.43,10.45,6.15,3.62,0.92,"9,146.4"
89,GS건설,"44,350",50,-0.11%,"5,000","273,058","44,050","44,550","43,850","44,300","44,350","12,088","900,949","16,717","36,884","85,581",26.26,"37,955","101,229","137,707","94,586","7,504",-2.82,"3,297","4,106","1,200",-2.20,10.80,7.68,2.45,0.83,964.4
90,한국항공우주,"38,650","1,000",+2.66%,"5,000","1,219,273","37,650","38,800","37,450","38,700","38,750","46,562","962,039","21,453","148,053","97,475",14.10,"37,595","110,024","638,697","585,526","6,780",65.30,"5,078","10,623","2,200",30.99,3.96,9.89,0.94,0.63,"1,059.7"
91,삼성증권,"42,100",700,-1.64%,"5,000","158,633","42,800","42,800","42,000","42,050","42,100","6,693","188,851","34,873","4,464","89,300",30.23,"37,577","28,251","51,591","39,248","1,395",-9.16,723,147,200,-49.37,262.24,6.39,1.52,3.00,149.6
92,삼성카드,"32,250",450,-1.38%,"5,000","29,515","32,500","32,800","32,250","32,250","32,300",955,"104,816","10,590","5,407","115,859",7.32,"37,364","33,671","233,989","162,793","5,343",2.24,"3,988","4,054","1,800",18.81,7.96,5.69,1.76,0.47,"1,123.7"
93,이마트,"134,000","3,000",-2.19%,"5,000","119,455","137,500","137,500","133,000","133,500","134,000","16,119","255,898","28,669","20,148","27,876",32.78,"37,354","220,330","223,404","118,438","2,372",15.58,"3,626","49,697","2,000",57.42,2.70,4.05,1.67,0.36,"5,243.3"
94,오리온,"90,100","2,300",-2.49%,500,"161,866","93,100","94,000","90,000","90,100","90,200","14,958","83,059","15,639","1,946","39,536",37.08,"35,662","22,298","26,654","7,679","3,761",10.21,"2,746","6,014",750,14.82,15.00,15.50,10.73,1.68,"6,173.3"
95,한진칼,"52,400",200,-0.38%,"2,500","30,743","52,700","52,900","52,200","52,400","52,500","1,614","75,247","13,898","6,353","66,761",14.69,"34,983","4,088","34,886","18,243","-2,211",-66.03,"-3,415",-878,0,"-5,597.63",-59.79,-19.55,-11.05,2.52,466.6
96,NH투자증권,"11,700",200,-1.68%,"5,000","229,898","11,850","11,850","11,700","11,700","11,750","2,704","589,683","174,813","197,733","297,034",18.00,"34,753","127,678","627,384","569,356","7,873",10.99,"5,769","2,724",700,36.82,4.30,10.32,1.02,0.54,279.9
97,한전기술,"90,900","1,700",-1.84%,200,"801,205","92,600","93,200","89,300","91,600","91,700","73,260","2,181,414","16,325","17,047","38,220",2.23,"34,742","4,317","7,003","2,012",296,N/A,202,266,282,N/A,341.73,N/A,N/A,7.00,"6,568.5"
98,한미약품,"262,500","3,500",-1.32%,"2,500","6,569","266,000","266,000","262,000","262,500","263,000","1,731","14,790","2,252",899,"12,318",13.48,"32,335","10,759","18,820","10,501",490,-3.39,173,"6,278",481,-52.85,41.81,1.65,0.91,4.08,"2,526.0"
99,현대미포조선,"80,800",900,+1.13%,"5,000","167,051","79,900","81,600","78,900","80,700","80,800","13,412","323,566","7,209","18,646","39,942",10.80,"32,273","27,920","35,990","12,315",367,-6.75,-123,"-3,849",N/A,-60.39,-20.99,-0.84,-0.35,1.43,943.8
100,현대차2우B,"88,100","1,300",-1.45%,"5,000","28,134","89,000","89,100","87,600","88,100","88,200","37,343","5,704,041","75,851","74,715","211,600",0.25,"32,174",N/A,N/A,N/A,N/A,N/A,N/A,"19,734",N/A,N/A,4.47,N/A,N/A,0.31,N/A
N,종목명,현재가,전일비,등락률,액면가,거래량,시가,고가,저가,매수호가,매도호가,거래대금,전일거래량,매수총잔량,매도총잔량,상장주식수,외국인비율,시가총액,매출액,자산총계,부채총계,영업이익,매출액증가율,당기순이익,주당순이익,보통주배당금,영업이익증가율,PER,ROE,ROA,PBR,유보율
101,TIGER 차이나전기차SOLACTIVE,"15,200",335,-2.16%,0,"2,430,848","15,535","15,565","15,195","15,200","15,205","37,404","5,704,041","68,939","80,979","211,600",0.25,"32,163",N/A,N/A,N/A,N/A,N/A,N/A,N/A,N/A,N/A,N/A,N/A,N/A,N/A,N/A
102,호텔신라,"80,900",200,+0.25%,"5,000","135,455","80,700","81,000","80,300","80,800","80,900","10,950","217,375","25,596","36,463","39,248",14.69,"31,752","31,881","28,938","22,699","-1,853",-44.24,"-2,833","-2,605",200,-162.62,-31.06,-36.74,-8.83,5.43,269.2
103,현대오토에버,"114,500",500,+0.44%,500,"58,059","113,500","115,500","111,500","114,000","114,500","6,605","130,287","21,717","19,677","27,424",2.05,"31,400","15,626","10,770","5,146",868,-0.59,608,"2,755",750,8.23,41.56,11.09,5.78,2.33,"5,251.8"
104,롯데지주,"29,750",150,+0.51%,200,"42,530","29,700","29,800","29,450","29,700","29,750","1,262","91,498","17,157","33,322","104,909",7.81,"31,210","90,866","166,800","88,489","1,562",2.60,"-2,389","1,919","1,000",-10.64,15.50,-3.03,-1.48,0.30,"42,551.9"
105,DB하이텍,"69,800",900,-1.27%,"5,000","372,131","70,300","70,700","69,200","69,800","69,900","25,965","711,191","73,371","31,139","44,399",23.49,"30,983","16,429","26,951","16,624",929,6.27,"1,660","4,787",350,32.02,14.56,23.07,14.64,3.09,293.6
106,한화시스템,"16,400",450,+2.82%,"5,000","751,253","16,100","16,400","15,950","16,300","16,350","12,189","690,866","86,222","192,514","188,919",2.37,"30,946","9,359","11,786","3,840","2,393",15.92,936,825,205,8.28,19.82,9.35,3.67,1.38,88.0
107,CJ대한통운,"133,000","1,500",+1.14%,"5,000","44,678","131,500","134,500","131,000","133,000","133,500","5,938","77,408","10,400","20,388","22,812",20.71,"30,226","107,811","96,435","56,036","3,253",3.51,"1,426","1,291",0,5.91,102.63,3.89,1.52,0.76,"2,670.2"
108,한미사이언스,"44,000",950,-2.11%,500,"74,446","45,050","45,050","43,900","43,950","44,000","3,283","107,134","13,785","4,850","68,624",2.52,"30,194","8,574","9,232","2,645",325,4.99,226,789,192,-14.44,55.77,3.47,2.46,4.29,"2,059.3"
109,KCC,"327,000","5,000",-1.51%,"5,000","33,379","332,500","335,000","327,000","327,500","328,000","11,016","57,538","2,881","1,382","8,886",10.76,"29,059","50,836","123,476","71,016","1,338",86.93,"5,609","79,227","5,700",0.48,4.13,12.79,5.16,0.49,"12,809.9"
110,대우건설,"6,940",160,+2.36%,"5,000","4,637,277","6,770","6,990","6,720","6,920","6,930","31,969","5,857,758","111,524","486,156","415,623",10.66,"28,844","81,367","93,059","66,289","5,583",-5.95,"2,826","1,177",N/A,53.34,5.90,11.06,2.97,0.92,50.9
111,대우조선해양,"26,850",800,+3.07%,"5,000","790,523","26,050","27,250","26,050","26,800","26,850","21,051","1,407,571","19,186","51,409","107,291",4.72,"28,808","70,302","103,208","64,518","1,534",-15.89,866,"-13,792",N/A,-47.59,-1.95,2.27,0.80,1.12,128.0
112,BGF리테일,"163,500","2,000",-1.21%,"1,000","13,141","166,000","166,500","162,000","163,000","163,500","2,152","17,949","6,442","3,625","17,284",31.66,"28,173","61,813","23,712","16,743","1,622",3.96,"1,227","7,992","2,400",-17.51,20.40,18.60,5.40,3.68,"3,803.3"
113,한화에어로스페이스,"55,500","1,600",+2.97%,"5,000","659,478","53,600","55,800","53,200","55,600","55,700","36,040","779,569","14,194","74,400","50,630",19.04,"28,100","53,214","94,648","64,751","2,439",1.09,"1,647","5,509",600,47.65,10.07,4.78,1.81,0.99,750.6
114,GS리테일,"26,800",400,-1.47%,"1,000","143,939","27,200","27,250","26,700","26,800","26,850","3,878","254,897","52,435","15,339","104,718",8.07,"28,064","88,623","71,778","45,106","2,526",-1.61,"1,545","9,902",900,5.75,2.71,7.50,2.17,0.68,"2,908.2"
115,에스원,"72,400",100,-0.14%,500,"18,710","72,600","72,700","71,600","72,400","72,500","1,351","36,290","2,400","9,809","37,999",53.17,"27,511","22,233","19,067","5,225","2,045",3.34,"1,421","4,000","2,500",3.88,18.10,10.48,7.68,1.71,"7,984.1"
116,씨에스윈드,"64,700","1,700",+2.70%,500,"851,297","62,800","66,000","62,000","65,100","65,200","55,121","555,903","11,306","52,117","42,171",11.12,"27,201","9,691","8,807","4,371",976,21.23,336,"1,102",473,62.26,58.53,8.19,4.16,2.80,"4,963.2"
117,키움증권,"103,500","1,000",-0.96%,"5,000","44,023","104,500","106,000","102,500","103,500","104,000","4,563","72,799","11,143","23,800","26,220",25.66,"27,137","45,197","375,909","347,060","9,690",66.57,"7,062","34,774","3,000",104.56,2.98,27.63,2.29,0.73,"2,191.2"
118,동서,"27,150",150,-0.55%,500,"36,671","27,300","27,500","26,850","27,200","27,250",993,"40,659","8,288","4,245","99,700",2.82,"27,019","4,930","15,258","1,285",451,-2.44,"1,206","1,065",700,8.47,25.45,8.61,8.03,1.90,"2,584.2"
119,제일기획,"23,450",750,+3.30%,200,"326,765","22,900","23,500","22,750","23,400","23,450","7,594","214,402","23,120","69,521","115,041",31.49,"26,920","27,479","22,425","12,269","2,049",-19.69,"1,583","1,697",840,-0.44,13.79,16.11,7.04,2.17,"6,065.2"
120,포스코인터내셔널,"21,550",100,+0.47%,"5,000","534,449","21,450","21,800","21,250","21,550","21,600","11,550","1,623,617","90,276","111,471","123,375",7.00,"26,526","214,724","83,280","51,672","4,745",-12.08,"2,295","2,474",700,-21.62,8.69,7.69,2.66,0.78,416.0
121,OCI,"109,000","1,000",-0.91%,"5,000","192,118","109,500","112,500","109,000","109,500","110,000","21,171","361,273","39,114","93,100","23,849",15.05,"25,996","20,025","44,372","20,515",-861,-23.13,"-2,512","8,387",0,52.30,13.00,-9.89,-5.43,0.93,"1,760.6"
122,신세계,"264,000",0,0.00%,"5,000","25,262","264,000","265,000","260,500","263,000","263,500","6,633","58,214","4,391","6,371","9,845",25.21,"25,991","47,693","127,691","77,119",885,-25.41,-691,"26,599","1,500",-81.09,9.93,-2.81,-0.54,0.70,"6,370.6"
123,한화생명,"2,985",35,-1.16%,"5,000","819,473","3,000","3,005","2,970","2,980","2,985","2,445","2,048,776","172,316","89,063","868,530",7.82,"25,882","262,231","1,487,748","1,348,307","3,767",4.98,"2,412",881,30,662.65,3.38,1.90,0.17,0.20,242.4
124,두산퓨얼셀,"39,150","1,200",-2.97%,100,"283,284","40,300","40,300","39,100","39,100","39,150","11,148","475,651","57,022","15,902","65,494",14.14,"25,641","4,618","7,902","2,776",260,108.82,142,50,0,33.59,783.00,4.18,2.21,6.24,"6,157.1"
125,DL이앤씨,"131,000",500,-0.38%,"5,000","80,048","131,500","132,500","130,500","131,500","132,000","10,534","197,081","15,406","46,046","19,359",22.24,"25,360",N/A,N/A,N/A,N/A,N/A,N/A,N/A,N/A,N/A,N/A,N/A,N/A,0.70,N/A
126,현대해상,"28,050",0,0.00%,500,"150,930","27,750","28,300","27,750","28,000","28,050","10,570","413,605","37,524","39,552","70,134",5.87,"25,038","22,563","32,978","22,235","1,985",10.87,866,734,750,124.91,48.64,8.23,0.69,0.44,"10,749.4"
127,하이트진로,"35,700",0,0.00%,"5,000","294,795","36,050","36,300","35,550","35,700","35,750","4,244","440,325","12,132","32,913","89,400",27.21,"25,032","177,102","491,941","443,894","2,868",5.13,"3,319","4,281","1,000",-27.47,6.54,7.13,2.64,2.29,214.3
128,BNK금융지주,"7,630",70,-0.91%,"5,000","764,187","7,660","7,720","7,590","7,620","7,630","5,831","969,823","156,201","47,866","325,935",40.02,"24,869","52,124","1,141,569","1,045,306","7,482",-1.27,"5,626","2,501",320,-7.27,3.05,6.11,0.51,0.27,491.1
129,한솔케미칼,"218,000","5,000",-2.24%,"5,000","27,488","222,000","222,000","216,000","217,500","218,500","5,998","63,344","4,896","1,240","11,335",41.51,"24,654","6,193","9,992","3,769","1,519",13.77,"1,301","12,818","1,800",36.69,16.97,24.50,13.42,3.62,887.8
130,롯데쇼핑,"86,400",800,-0.92%,"5,000","32,307","86,900","87,300","86,200","86,500","86,600","2,798","61,958","5,286","3,811","28,289",11.13,"24,413","161,844","328,294","217,406","3,461",-8.16,"-6,866","-9,408","2,800",-19.12,-9.17,-7.70,-2.06,0.23,"9,014.8"
131,CJ,"83,100","1,800",-2.12%,"5,000","23,859","84,400","84,600","83,000","83,100","83,200","1,990","42,296","7,096",740,"29,177",17.65,"24,246","319,991","400,250","246,287","13,903",-5.27,"2,040","1,154","2,000",-7.87,72.01,1.89,0.51,0.54,"2,567.7"
132,한화,"31,000",350,-1.12%,"5,000","145,323","31,350","31,350","30,800","31,100","31,150","4,502","200,412","23,702","13,147","74,959",15.99,"23,275","509,265","1,911,783","1,726,711","15,820",1.02,"7,405","5,912",700,40.54,5.25,4.79,0.40,0.59,873.4
133,효성첨단소재,"507,000","3,000",-0.59%,"5,000","36,344","511,000","519,000","500,000","507,000","508,000","18,464","76,231","6,601","1,886","4,480",8.31,"22,713","23,946","23,766","19,955",342,-21.58,68,"47,930",0,-78.39,10.58,0.03,0.28,4.16,"1,262.5"
134,SK케미칼,"124,500","4,000",-3.11%,"5,000","44,422","127,000","127,500","124,000","124,000","124,500","5,552","63,909","14,931","7,058","17,621",18.36,"21,992","27,853","41,974","28,512",821,13.26,224,287,N/A,129.32,70.21,2.84,0.54,1.58,73.3
135,현대로템,"20,100",50,-0.25%,"5,000","335,579","20,100","20,350","19,850","20,200","20,250","6,731","497,022","77,350","72,713","109,142",3.69,"21,938","12,147","21,200","11,610","1,063",9.15,"2,552","2,098","1,334",157.76,59.34,30.49,12.00,1.24,"1,375.2"
136,만도,"46,500","1,350",-2.82%,"1,000","211,623","47,450","47,550","46,500","46,600","46,650","9,919","488,170","32,558","14,258","46,957",19.87,"21,788","55,635","49,383","32,288",887,-6.99,139,"4,747",0,-59.42,9.77,0.37,0.29,1.14,"2,819.8"
137,녹십자,"186,000","1,000",+0.54%,"5,000","31,556","185,000","187,000","183,000","185,500","186,000","5,837","100,171","5,781","5,652","11,687",22.66,"21,737","15,041","21,514","8,821",503,10.83,893,"7,381","1,500",20.56,25.20,7.48,4.34,1.80,"1,872.7"
138,효성티앤씨,"499,000","6,000",+1.22%,"5,000","35,749","493,500","505,000","490,000","500,000","501,000","17,954","51,929","1,772","4,694","4,328",13.01,"21,573","51,616","28,241","21,088","2,666",-13.73,"1,683","163,234","5,000",-17.45,3.05,25.10,5.56,1.71,"2,919.9"
139,휠라홀딩스,"35,150",350,-0.99%,"1,000","278,783","35,250","35,650","34,650","35,050","35,100","9,821","556,959","24,732","10,324","60,752",42.61,"21,354","31,288","37,584","19,011","3,411",-9.32,"1,977","3,871",185,-27.54,9.08,10.94,5.25,1.29,"2,090.3"
140,현대차우,"87,100","1,100",-1.25%,"5,000","18,788","87,400","88,000","86,700","87,100","87,300","1,636","48,587","8,778","2,374","24,357",58.14,"21,239",N/A,N/A,N/A,N/A,N/A,N/A,"19,734",N/A,N/A,4.42,N/A,N/A,0.30,N/A
141,KODEX 레버리지,"19,905",625,-3.04%,0,"20,135,762","20,390","20,390","19,770","19,905","19,910","402,122","17,166,383","220,698","208,832","105,200",2.86,"20,940",N/A,N/A,N/A,N/A,N/A,N/A,N/A,N/A,N/A,N/A,N/A,N/A,N/A,N/A
142,TIGER 200,"36,545",595,-1.60%,0,"548,948","37,040","37,040","36,425","36,545","36,555","20,088","372,042","34,147","26,680","56,900",3.45,"20,808",N/A,N/A,N/A,N/A,N/A,N/A,N/A,N/A,N/A,N/A,N/A,N/A,N/A,N/A
143,LG화학우,"266,000","6,500",-2.39%,"5,000","11,892","272,000","272,000","264,500","265,000","265,500","3,168","8,305","3,998",712,"7,689",71.91,"20,452",N/A,N/A,N/A,N/A,N/A,N/A,"38,376",N/A,N/A,6.93,N/A,N/A,0.97,N/A
144,두산,"121,000",500,+0.41%,"5,000","68,458","121,000","122,000","117,000","120,500","121,000","8,173","189,514","7,976","6,076","16,524",10.33,"19,914",N/A,N/A,N/A,N/A,N/A,N/A,N/A,N/A,N/A,N/A,N/A,-3.25,1.07,"1,818.4"
145,TIGER 미국나스닥100,"75,400","1,405",-1.83%,0,"442,391","76,730","76,730","74,600","75,350","75,370","33,337","242,829","10,738","25,194","26,390",0.02,"19,911","169,693","301,176","224,081","2,750",-5.94,"-9,639","-1,736","2,000",-77.62,-69.41,-34.34,N/A,N/A,N/A
146,롯데정밀화학,"76,700","1,500",-1.92%,"5,000","68,020","77,600","79,000","76,400","76,900","77,000","5,255","117,080","6,435","2,726","25,800",20.63,"19,840","12,636","18,746","2,249","1,392",-3.63,"1,988","16,517","1,500",-26.59,4.66,12.65,10.84,0.99,"1,201.7"
147,KODEX 200선물인버스2X,"2,520",80,+3.28%,0,"143,025,293","2,455","2,540","2,455","2,515","2,520","358,685","148,624,920","35,157,061","35,045,205","784,500",4.27,"19,769",N/A,N/A,N/A,N/A,N/A,N/A,N/A,N/A,N/A,N/A,N/A,N/A,N/A,N/A
148,솔루스첨단소재,"63,100",600,-0.94%,100,"112,304","63,800","64,800","62,800","63,200","63,300","7,136","273,804","22,712","10,966","30,590",6.34,"19,302","2,902","8,412","3,513",304,314.55,-110,-254,10,198.50,-248.43,-5.10,-1.65,7.74,"7,285.6"
149,대웅제약,"166,500","2,000",-1.19%,"2,500","33,786","168,500","168,500","164,000","166,000","166,500","5,614","46,880","5,594","8,834","11,587",7.43,"19,292","10,554","13,669","6,717",170,-5.21,241,996,600,-62.00,167.17,2.38,1.85,3.38,"1,912.2"
150,신풍제약,"36,300","1,200",+3.42%,500,"10,799,395","36,700","41,500","35,150","36,800","36,850","414,325","4,309,468","81,979","20,922","52,985",7.75,"19,048","1,978","4,871","1,128",78,4.23,50,6,100,40.05,"5,991.67",1.72,1.16,5.04,"1,341.6"
N,종목명,현재가,전일비,등락률,액면가,거래량,시가,고가,저가,매수호가,매도호가,거래대금,전일거래량,매수총잔량,매도총잔량,상장주식수,외국인비율,시가총액,매출액,자산총계,부채총계,영업이익,매출액증가율,당기순이익,주당순이익,보통주배당금,영업이익증가율,PER,ROE,ROA,PBR,유보율
151,후성,"20,300",100,+0.50%,500,"976,202","20,350","20,550","20,050","20,300","20,350","19,911","4,703,781","178,133","178,310","92,607",7.07,"18,799","2,616","5,361","2,949",28,5.08,-13,297,0,-79.11,68.35,2.79,-0.25,7.61,363.4
152,농심,"307,000","1,000",-0.32%,"5,000","9,266","308,000","310,000","305,000","305,500","306,000","2,845","37,870","2,996","1,734","6,083",12.87,"18,674","26,398","27,255","6,766","1,603",12.62,"1,490","17,548","4,000",103.38,17.47,7.50,5.54,0.83,"6,975.6"
153,영원무역,"41,900",600,-1.41%,500,"60,074","42,550","42,750","41,550","41,900","41,950","2,522","105,926","12,468","2,803","44,311",28.33,"18,566","24,664","30,383","10,443","2,597",3.27,"1,824","5,202",500,9.27,8.06,8.03,5.94,0.85,"7,976.9"
154,현대백화점,"78,700",300,-0.38%,"5,000","30,135","78,900","78,900","78,200","78,600","78,700","2,373","89,345","5,891","6,062","23,402",18.20,"18,418","22,732","87,070","36,747","1,359",3.37,"1,051","6,611","1,000",-53.51,11.90,1.65,1.29,0.39,"3,680.7"
155,효성,"86,100",0,0.00%,"5,000","20,050","86,100","86,400","85,100","86,300","86,400","1,721","35,147","2,194","3,718","21,071",7.74,"18,142","27,826","44,297","19,154","1,388",-12.38,12,"18,374","5,000",-31.32,4.69,-2.26,0.02,0.67,"6,769.4"
156,한전KPS,"40,050",350,+0.88%,200,"479,557","40,000","40,650","39,400","40,250","40,300","19,215","1,102,824","9,738","26,468","45,000",6.72,"18,022","13,032","13,499","2,982","1,354",4.51,871,"2,685","1,146",-30.18,14.92,8.23,6.43,1.62,"11,592.9"
157,대웅,"30,950",50,+0.16%,500,"36,593","30,850","31,050","30,000","30,900","30,950","1,127","56,157","4,168","7,450","58,142",4.38,"17,995","13,553","18,375","7,206",981,-0.76,"1,184","1,816",100,-7.80,17.04,15.10,6.75,1.84,"2,502.5"
158,한샘,"75,600","1,500",-1.95%,"1,000","42,077","77,100","77,100","75,300","75,400","75,500","3,202","138,082","6,042","1,287","23,534",16.43,"17,792","20,675","12,295","6,006",931,21.73,668,"3,399","1,300",66.94,22.21,10.83,5.50,2.01,"3,299.7"
159,KODEX MSCI Korea TR,"11,720",165,-1.39%,0,"186,142","11,860","11,860","11,675","11,725","11,730","2,182","724,468","25,906","31,325","149,500",3.80,"17,521",N/A,N/A,N/A,N/A,N/A,N/A,N/A,N/A,N/A,N/A,N/A,N/A,N/A,N/A
160,아이에스동서,"56,100","1,000",+1.81%,500,"86,619","55,300","56,200","54,800","55,900","56,100","4,826","159,178","8,938","16,881","30,893",4.07,"17,331","12,004","36,215","22,315","2,090",55.78,"1,416","1,746","1,000",192.50,32.13,10.92,4.35,1.44,"7,555.8"
161,현대위아,"62,900",700,-1.10%,"5,000","76,932","63,600","63,600","62,500","62,900","63,000","4,847","300,690","21,715","4,474","27,195",7.35,"17,106","65,922","77,199","41,940",720,-9.88,537,"1,342",700,-29.41,46.87,1.96,0.74,0.51,"2,275.5"
162,한미반도체,"33,950",0,0.00%,200,"135,087","33,950","34,200","33,450","34,050","34,100","4,590","232,434","38,815","25,719","49,460",5.70,"16,792","2,574","3,270",699,666,113.82,501,"1,682",400,385.59,20.18,21.03,17.16,5.28,"2,069.2"
163,동원시스템즈,"57,000",700,+1.24%,"5,000","63,921","56,300","58,100","55,400","57,700","57,800","3,631","35,559","1,058","5,757","29,188",13.06,"16,637","10,785","12,558","6,394",977,3.47,616,"2,208",600,29.90,25.86,10.97,5.11,2.76,264.5
164,코오롱인더,"60,100","1,000",-1.64%,"5,000","76,792","61,000","61,500","60,000","60,100","60,200","4,647","133,003","17,451","4,253","27,519",19.93,"16,539","40,361","50,437","27,516","1,524",-8.42,"2,055","6,443","1,000",-11.86,9.34,9.70,3.98,0.74,"1,459.8"
165,LIG넥스원,"74,900","2,400",+3.31%,"5,000","455,819","71,300","75,700","71,200","75,100","75,200","33,646","669,708","9,189","34,909","22,000",6.85,"16,478","16,003","25,956","19,231",637,10.17,579,"4,290",900,252.03,17.46,8.86,2.36,2.21,453.4
166,동국제강,"17,200",150,+0.88%,"5,000","452,035","17,200","17,400","16,950","17,200","17,250","7,754","637,898","106,218","166,177","95,433",22.82,"16,414","52,062","54,185","32,823","2,947",-7.99,"1,947","7,959","1,450",19.97,6.41,3.94,1.74,0.41,"1,989.5"
167,LS,"50,900",950,+1.90%,"5,000","67,856","50,000","51,400","49,400","51,000","51,100","3,423","59,154","4,765","10,383","32,200",13.75,"16,390","104,443","116,605","72,120","4,192",2.88,695,"4,734",200,79.09,3.63,3.35,1.28,0.65,176.0
168,오뚜기,"438,000",500,-0.11%,"5,000","1,003","439,000","440,500","435,000","437,000","438,000",438,"2,570",543,232,"3,672",11.56,"16,083","25,959","23,393","8,974","1,984",10.01,"1,104","30,123","8,000",33.83,14.54,7.93,4.92,1.01,"8,657.4"
169,JB금융지주,"8,090",120,-1.46%,"5,000","162,787","8,210","8,210","8,090","8,090","8,100","1,329","255,010","60,123","20,351","196,983",41.98,"15,936","24,156","533,755","493,466","4,695",0.32,"3,908","2,425",374,-3.18,3.34,10.06,0.78,0.39,310.6
170,케이카,"32,800",150,-0.46%,500,"88,454","32,950","33,000","31,950","32,750","32,800","2,875","179,895","4,202","4,975","48,087",17.77,"15,772","13,231","3,423","1,713",377,11.62,241,602,867,29.08,54.57,15.11,7.29,6.50,"2,461.1"
171,KODEX 단기채권,"103,280",5,0.00%,0,"14,111","103,270","103,285","103,270","103,275","103,280","1,457","7,397","48,976","23,037","15,234",0.00,"15,734",N/A,N/A,N/A,N/A,N/A,N/A,N/A,N/A,N/A,N/A,N/A,N/A,N/A,N/A
172,현대엘리베이,"38,500",0,0.00%,"5,000","79,631","38,500","38,800","38,050","38,450","38,500","3,067","128,178","17,136","10,364","40,815",30.12,"15,714","18,212","26,262","16,008","1,500",-2.74,979,"1,552",800,10.14,24.77,9.78,3.79,1.54,376.4
173,KODEX 삼성그룹,"8,925",155,-1.71%,0,"290,547","9,070","9,070","8,910","8,935","8,945","2,597","109,601","73,198","60,193","171,000",0.09,"15,262",N/A,N/A,N/A,N/A,N/A,N/A,N/A,N/A,N/A,N/A,N/A,N/A,N/A,N/A
174,DGB금융지주,"9,010",90,-0.99%,"5,000","329,016","9,060","9,100","8,990","8,990","9,000","2,969","501,700","80,344","16,228","169,146",49.95,"15,240","58,760","799,718","741,678","4,900",18.59,"3,768","2,799",390,20.79,3.22,6.93,0.49,0.28,586.3
175,롯데칠성,"157,500",500,+0.32%,500,"21,786","157,000","160,000","155,500","158,500","159,500","3,447","36,878","2,677","5,779","9,279",9.73,"14,614","22,580","34,661","21,612",972,-7.06,-168,"8,461","2,700",-9.69,18.61,-1.00,-0.50,1.08,"39,511.9"
176,일진하이솔루스,"39,500","1,100",-2.71%,500,"198,708","40,600","40,600","39,500","39,650","39,700","7,912","515,680","31,877","2,319","36,313",1.50,"14,344","1,135",813,281,151,23.53,156,536,0,19.45,73.69,34.27,19.58,4.72,266.4
177,더존비즈온,"47,000",850,-1.78%,500,"151,360","47,500","47,650","46,800","46,950","47,000","7,122","336,954","30,522","6,535","30,383",36.23,"14,295","3,065","7,990","4,010",767,16.67,579,"2,043",450,14.87,23.03,15.09,7.59,3.08,"2,608.2"
178,롯데렌탈,"38,700",450,+1.18%,"5,000","109,925","38,100","38,750","37,750","38,150","38,200","4,193","152,052","16,431","27,323","36,634",1.76,"14,177","22,521","53,494","46,430","1,599",9.83,415,"2,884",120,27.03,13.42,6.73,0.78,1.17,"1,103.2"
179,KODEX 종합채권(AA-이상)액티브,"106,440",125,-0.12%,0,"16,965","106,240","106,555","106,235","106,380","106,490","1,804","53,733","26,410","15,547","13,258",0.00,"14,112",N/A,N/A,N/A,N/A,N/A,N/A,N/A,N/A,N/A,N/A,N/A,N/A,N/A,N/A
180,티와이홀딩스,"27,600",50,-0.18%,500,"25,163","27,600","27,800","27,200","27,600","27,650",693,"45,060","1,651","19,496","50,929",5.48,"14,056",929,"20,036","7,108",16,N/A,"3,540","11,621",0,N/A,2.38,N/A,N/A,0.79,"5,571.8"
181,ESR켄달스퀘어리츠,"6,520",100,+1.56%,"1,000","470,273","6,430","6,580","6,380","6,510","6,520","3,050","601,804","41,990","80,352","213,089",31.73,"13,893",301,"14,431","7,388",147,26.79,95,129,131,81.78,50.78,1.34,0.72,0.69,389.2
182,TIGER 단기통안채,"100,670",10,+0.01%,0,"737,718","100,665","100,675","100,665","100,670","100,675","74,266","1,445,830","38,776","15,912","13,773",0.86,"13,865",N/A,N/A,N/A,N/A,N/A,N/A,N/A,N/A,N/A,N/A,N/A,N/A,N/A,N/A
183,현대두산인프라코어,"7,020",50,+0.72%,"1,000","1,061,348","6,970","7,100","6,940","7,020","7,030","7,477","1,278,266","103,633","167,896","197,436",9.92,"13,860","79,341","120,269","75,379","6,586",-3.08,"2,851","1,169",0,-21.63,6.01,6.47,2.44,0.87,145.8
184,TIGER 미국S&P500,"13,185",130,-0.98%,0,"2,144,243","13,275","13,315","13,070","13,175","13,180","28,255","1,532,114","93,083","70,364","104,900",0.03,"13,831",N/A,N/A,N/A,N/A,N/A,N/A,N/A,N/A,N/A,N/A,N/A,N/A,N/A,N/A
185,아시아나항공,"18,450",500,-2.64%,"5,000","428,582","18,900","19,000","18,450","18,450","18,500","7,973","620,400","134,531","31,583","74,412",7.41,"13,766","38,953","138,515","127,621","-2,764",-43.44,"-5,030","-5,816",0,36.57,-3.18,-43.83,-3.68,4.94,184.0
186,TIGER MSCI Korea TR,"14,715",255,-1.70%,0,"3,627","14,920","14,920","14,665","14,710","14,730",53,"14,280","16,260","23,976","92,400",5.19,"13,597",N/A,N/A,N/A,N/A,N/A,N/A,N/A,N/A,N/A,N/A,N/A,N/A,N/A,N/A
187,롯데리츠,"5,580",40,+0.72%,500,"229,995","5,540","5,580","5,530","5,560","5,570","1,278","231,704","70,933","78,525","242,969",9.52,"13,558",486,"23,912","12,226",290,26.91,170,160,139,20.21,34.88,1.68,0.86,1.18,862.0
188,NHN,"35,950","1,200",-3.23%,500,"49,989","36,950","37,000","35,900","36,100","36,150","1,817","76,025","6,983","1,909","37,518",19.30,"13,488","16,752","25,509","7,068","1,022",12.53,280,866,0,17.90,41.51,1.35,1.11,0.73,"17,088.8"
189,LS ELECTRIC,"44,600",350,+0.79%,"5,000","106,334","44,250","45,100","43,900","44,500","44,550","4,736","153,100","3,233","3,648","30,000",17.08,"13,350","24,027","25,404","11,269","1,337",2.38,855,"2,701","1,100",-20.67,16.48,6.15,3.37,0.90,866.0
190,PI첨단소재,"44,250",150,-0.34%,500,"54,666","44,450","44,600","43,900","44,350","44,400","2,423","109,527","7,816","5,599","29,366",11.92,"12,995","2,618","4,040","1,211",600,17.04,417,"1,992",711,78.59,22.21,15.62,10.47,4.19,"2,358.5"
191,한일시멘트,"18,650",150,-0.80%,500,"100,394","18,800","18,850","18,400","18,550","18,600","1,868","188,858","29,473","17,863","69,262",2.61,"12,917","9,743","23,997","10,414","1,328",N/A,"1,000","1,518",510,N/A,12.25,N/A,N/A,0.91,"3,676.1"
192,진원생명과학,"16,500",200,+1.23%,"1,000","2,726,336","16,450","17,300","16,050","16,550","16,600","45,346","8,301,467","127,520","84,166","77,614",12.60,"12,806",415,"1,366",381,-185,0.63,-186,-331,0,-124.86,-49.70,-30.43,-19.87,12.64,79.9
193,TIGER 미국테크TOP10 INDXX,"11,320",215,-1.86%,0,"685,083","11,430","11,460","11,190","11,315","11,320","7,745","684,137","57,414","250,167","112,050",0.55,"12,684",N/A,N/A,N/A,N/A,N/A,N/A,N/A,N/A,N/A,N/A,N/A,N/A,N/A,N/A
194,명신산업,"24,100",350,-1.43%,500,"151,479","24,200","24,400","23,950","24,150","24,200","3,653","298,200","37,000","13,904","52,470",3.04,"12,645","8,090","4,769","2,929",662,4.29,-888,"-2,306",0,11.09,-10.45,-67.39,-21.07,4.51,982.6
195,DL,"60,200","1,000",-1.63%,"5,000","29,360","61,300","61,400","59,900","60,100","60,300","1,772","69,693","6,590","2,489","20,956",12.47,"12,626","8,209","37,925","2,920","1,565",-3.15,"1,796","2,605",500,-8.40,5.11,5.08,4.86,0.34,"7,397.5"
196,한국앤컴퍼니,"13,250",100,-0.75%,500,"33,125","13,400","13,500","13,200","13,250","13,300",441,"60,024","20,870","7,029","94,935",9.68,"12,615","15,661","139,019","106,905","1,190",-5.68,"5,727","31,469","1,300",-12.45,1.91,11.84,4.19,0.34,"2,917.8"
197,영풍,"677,000","11,000",+1.65%,"5,000",869,"674,000","681,000","665,000","678,000","679,000",587,615,128,619,"1,842",4.10,"12,471","31,834","50,009","12,887",467,3.22,853,"64,370","10,000",-44.69,10.52,4.03,1.74,0.34,"36,410.8"
198,롯데관광개발,"17,900",50,-0.28%,500,"189,622","17,950","18,050","17,750","17,950","18,000","3,389","290,684","59,815","57,232","69,276",5.54,"12,400",168,"11,985","9,723",-714,-81.04,-821,"-2,856",0,-341.87,-6.29,-30.43,-9.26,13.27,522.2
199,대한전선,"1,440",135,-8.57%,100,"21,387,179","1,570","1,570","1,430","1,440","1,445","31,178","13,827,419","3,970,433","2,279,984","856,473",1.95,"12,376","15,968","11,995","8,398",566,2.71,27,36,0,70.50,40.14,0.92,0.22,3.82,47.1
200,LX인터내셔널,"31,600","1,800",+6.04%,"5,000","939,151","29,750","31,700","29,550","31,300","31,350","29,137","903,525","14,205","57,710","38,760",24.55,"12,248","112,826","53,959","36,376","1,598",7.14,"3,616","6,935",400,18.59,4.56,23.72,7.04,0.68,664.7
N,종목명,현재가,전일비,등락률,액면가,거래량,시가,고가,저가,매수호가,매도호가,거래대금,전일거래량,매수총잔량,매도총잔량,상장주식수,외국인비율,시가총액,매출액,자산총계,부채총계,영업이익,매출액증가율,당기순이익,주당순이익,보통주배당금,영업이익증가율,PER,ROE,ROA,PBR,유보율
201,KODEX 2차전지산업,"18,680",390,-2.05%,0,"939,501","18,925","18,960","18,680","18,750","18,755","17,662","1,591,072","59,514","48,452","64,900",1.41,"12,123",N/A,N/A,N/A,N/A,N/A,N/A,N/A,N/A,N/A,N/A,N/A,N/A,N/A,N/A
202,삼성 레버리지 WTI원유 선물 ETN,"2,405",190,-7.32%,0,"4,485,145","2,365","2,535","2,360","2,390","2,395","10,970","7,629,885","5,201,254","5,012,391","504,000",0.00,"12,121",N/A,N/A,N/A,N/A,N/A,N/A,N/A,N/A,N/A,N/A,N/A,N/A,N/A,N/A
203,대덕전자,"24,450",300,+1.24%,500,"884,916","24,350","24,800","24,150","24,550","24,600","21,735","1,828,730","114,741","225,372","49,417",11.90,"12,082","6,206","8,092","1,714",27,N/A,-87,627,300,N/A,39.00,N/A,N/A,1.89,"2,388.5"
204,에스엘,"24,600",0,0.00%,500,"160,500","25,500","25,550","24,450","24,650","24,700","3,996","128,084","17,750","5,440","48,203",15.00,"11,858","25,050","23,390","9,138",932,10.73,642,"3,016",500,113.67,8.16,4.74,2.78,0.74,"5,940.9"
205,지누스,"74,600",500,-0.67%,500,"21,822","75,100","75,100","73,500","74,700","74,800","1,615","52,313","1,852","1,307","15,800",21.33,"11,787","9,895","8,968","4,824",867,21.10,458,"2,270",729,-16.51,32.91,11.61,5.54,2.43,"5,885.5"
206,종근당,"97,900",700,-0.71%,"2,500","10,187","98,600","99,000","97,800","98,000","98,100",999,"19,111","2,572","11,773","11,988",7.88,"11,736","13,030","9,463","3,947","1,239",20.72,904,"4,364",908,66.19,22.43,17.88,-2.14,4.65,943.0
207,일동제약,"47,150","3,250",-6.45%,"1,000","3,221,555","50,800","51,500","46,300","48,350","48,400","157,233","3,256,942","1,478","4,073","24,803",2.33,"11,695","5,618","6,053","3,507",66,8.58,-130,"-1,046",0,583.26,-45.08,-5.13,10.35,2.04,"1,984.1"
208,HDC현대산업개발,"17,700",500,+2.91%,"5,000","1,532,634","17,400","18,150","17,250","17,800","17,850","27,305","1,220,150","122,758","168,617","65,907",12.19,"11,649",N/A,N/A,N/A,N/A,N/A,N/A,N/A,N/A,N/A,N/A,N/A,N/A,N/A,N/A
209,TIGER 2차전지테마,"19,065",345,-1.78%,0,"514,339","19,330","19,380","19,065","19,110","19,120","10,026","892,670","212,047","227,622","61,100",1.02,"11,633","36,702","61,161","33,731","5,857",-12.96,"2,202","4,602",600,6.21,3.84,8.85,4.18,0.40,733.1
210,코리안리,"9,640",60,-0.62%,500,"147,215","9,690","9,690","9,560","9,660","9,670","1,418","216,682","14,376","10,912","120,369",31.68,"11,604","113,010","125,199","100,640","1,923",5.91,"1,421","1,305",450,-23.05,7.39,5.78,1.17,0.39,"4,203.4"
211,코스모신소재,"38,350",650,-1.67%,"1,000","100,592","38,900","39,050","38,200","38,400","38,450","3,872","164,469","31,510","6,559","30,087",5.99,"11,538","2,043","3,623","1,855",124,-16.26,117,780,0,443.51,49.23,7.16,3.74,5.63,413.5
212,금호타이어,"3,980",10,-0.25%,"5,000","143,102","4,020","4,045","3,975","3,980","3,985",571,"340,928","38,018","10,241","287,260",3.89,"11,447","21,707","38,462","26,786",-45,-8.38,-829,-250,N/A,-107.79,-15.94,-6.74,-2.13,1.01,-17.9
213,솔루엠,"22,850",450,-1.93%,500,"82,624","23,200","23,200","22,800","22,850","22,900","1,903","100,262","29,704","17,457","50,006",8.04,"11,401","10,765","4,544","3,377",564,17.83,389,537,0,9.97,42.46,43.26,9.78,4.19,518.4
214,TIGER 미국필라델피아반도체나스닥,"10,820",240,-2.17%,0,"1,171,100","10,945","10,945","10,680","10,815","10,820","12,638","814,128","117,274","243,823","105,100",0.49,"11,372",N/A,N/A,N/A,N/A,N/A,N/A,N/A,N/A,N/A,N/A,N/A,N/A,N/A,N/A
215,SK네트웍스,"4,540",5,-0.11%,"2,500","202,418","4,545","4,585","4,510","4,540","4,545",196,478,32,13,"1,113",5.97,"11,256","17,406","40,602","7,251",535,-23.01,"1,083","227,848","1,550",-72.12,4.44,3.26,2.57,0.22,"60,940.4"
216,태광산업,"1,011,000","21,000",-2.03%,"5,000",191,"1,031,000","1,036,000","1,010,000","1,016,000","1,017,000",922,"442,221","32,284","25,034","248,188",11.17,"11,255","106,259","87,735","65,282","1,239",-18.60,421,189,120,13.33,23.99,1.63,0.45,0.46,241.7
217,하나투어,"79,800",100,+0.13%,500,"50,269","79,400","80,400","78,100","79,600","79,700","3,989","68,940","3,466","14,649","13,939",6.18,"11,123","1,096","7,033","5,779","-1,149",-82.17,"-2,186","-6,718",N/A,"-1,639.76",-11.88,-108.93,-25.55,9.96,"2,289.3"
218,신한 레버리지 WTI원유 선물 ETN(H),"1,890",170,-8.25%,0,"3,519,832","1,875","1,995","1,865","1,885","1,890","6,779","3,885,057","4,792,522","4,484,835","580,000",0.00,"10,991",N/A,N/A,N/A,N/A,N/A,N/A,N/A,N/A,N/A,N/A,N/A,N/A,N/A,N/A
219,LG생활건강우,"520,000","8,000",-1.52%,"5,000","3,150","526,000","528,000","516,000","517,000","520,000","1,638","5,482","1,023",290,"2,100",83.90,"10,918",N/A,N/A,N/A,N/A,N/A,N/A,"47,665",N/A,N/A,10.91,N/A,N/A,1.62,N/A
220,녹십자홀딩스,"23,200",200,-0.85%,500,"40,336","23,150","23,450","23,100","23,200","23,250","1,782","191,128","40,550","56,534","100,009",1.43,"10,901","23,424","22,577","12,850","1,108",-3.53,669,"1,720",100,219.80,6.34,7.18,5.99,1.10,"3,444.8"
221,KG동부제철,"10,900",50,+0.46%,"5,000","162,470","10,850","11,200","10,850","10,850","10,900",720,"42,097","6,483","3,815","39,114",0.81,"10,893","8,376","8,178","2,661","1,226",-7.99,854,"121,227","1,000",-18.68,0.23,16.59,2.90,0.97,74.8
222,F&F홀딩스,"27,850",350,-1.24%,500,"25,945","28,000","28,450","27,350","27,850","27,900",940,"128,534","12,661","11,805","47,028",5.80,"10,887","17,193","32,412","15,677",707,15.11,"1,800","3,176",500,5.97,7.29,19.74,11.36,0.58,"7,178.2"
223,신세계인터내셔날,"152,000",500,+0.33%,"5,000","19,490","152,000","152,500","150,500","152,000","152,500","2,954","37,786","7,664","9,506","7,140",5.37,"10,853","13,255","11,475","5,062",338,-6.98,510,"10,793","1,100",-60.04,14.08,8.24,4.48,1.58,"1,693.3"
224,SK가스,"116,500","2,500",-2.10%,"5,000","37,378","118,500","119,000","116,000","116,000","116,500","4,375","50,678","11,999","7,187","9,230",5.40,"10,753","44,123","44,989","26,002","1,902",-10.52,"-1,540","-9,027",0,-267.90,-6.49,-52.61,-11.68,6.54,125.1
225,제이콘텐트리,"58,600","1,700",+2.99%,"5,000","301,006","58,000","59,100","57,300","58,500","58,700","17,532","242,752","7,946","53,931","18,349",1.86,"10,752","3,639","14,755","12,116",-568,-31.37,"2,654","26,876","4,000",0.32,4.32,14.91,6.18,0.49,"4,087.4"
226,CJ CGV,"26,100",150,-0.57%,500,"126,510","26,350","26,350","25,850","26,100","26,150","3,301","272,360","31,852","43,619","40,809",3.69,"10,651","5,834","43,549","40,670","-3,887",-69.96,"-7,516","-16,232",0,-418.64,-1.61,-314.44,-16.93,8.17,"-1,857.5"
227,TIGER TOP10,"12,065",315,-2.54%,0,"197,333","12,280","12,285","12,050","12,080","12,085","2,388","144,028","70,561","53,475","88,200",0.22,"10,637",N/A,N/A,N/A,N/A,N/A,N/A,N/A,N/A,N/A,N/A,N/A,N/A,N/A,N/A
228,한화투자증권,"4,895",115,-2.30%,"5,000","752,942","4,980","4,985","4,865","4,905","4,910","3,697","1,139,280","81,839","24,761","214,548",6.21,"10,502","27,526","118,590","106,068","1,000",75.19,671,595,0,-10.64,8.23,5.58,0.62,0.67,15.0
229,대한유화,"161,500","2,500",-1.52%,"5,000","19,839","163,000","166,500","160,500","161,000","161,500","3,221","39,533","10,652","3,622","6,500",12.19,"10,498","25,149","24,789","4,497","1,794",33.57,"1,499","23,067",N/A,5.44,7.00,7.64,6.51,0.49,"4,859.3"
230,KODEX 단기채권PLUS,"103,690",10,+0.01%,0,"4,830","103,685","103,690","103,685","103,685","103,690",500,"5,476","32,184","26,102","10,110",0.00,"10,483",N/A,N/A,N/A,N/A,N/A,N/A,N/A,N/A,N/A,N/A,N/A,N/A,N/A,N/A
231,LG전자우,"60,200",500,-0.82%,"5,000","14,152","60,700","60,700","59,700","60,200","60,300",850,"17,281","8,925","3,157","17,186",40.66,"10,346",N/A,N/A,N/A,N/A,N/A,N/A,"6,931",N/A,N/A,8.69,N/A,N/A,0.62,N/A
232,대한해운,"3,170",245,+8.38%,500,"21,586,238","2,960","3,175","2,925","3,105","3,115","66,526","4,344,952","136,850","656,645","319,177",5.72,"10,118","8,841","33,456","24,923","1,459",-12.09,275,733,0,13.32,4.32,1.10,6.57,1.48,"5,337.6"
233,한국콜마,"44,150","1,400",-3.07%,500,"141,387","45,400","45,850","44,000","44,050","44,100","6,310","150,265","9,220","2,862","22,881",26.14,"10,102","13,221","24,896","14,904","1,217",-4.12,"1,606","6,927",345,21.88,6.37,29.27,0.37,0.32,290.8
234,동양생명,"6,250",40,+0.64%,"5,000","79,743","6,240","6,330","6,150","6,170","6,180",497,"98,783","20,802","3,265","161,359",82.45,"10,085","69,490","362,530","331,605","1,776",11.11,"1,286","1,676",220,61.05,3.74,4.52,4.09,1.24,"8,208.8"
235,제주항공,"20,150",700,-3.36%,"1,000","193,297","20,700","20,800","20,100","20,150","20,200","3,924","205,436","33,099","8,506","49,760",0.82,"10,027","3,770","11,686","9,518","-3,358",-72.76,843,"3,720","1,800",-8.49,13.49,8.28,0.82,0.79,365.1
236,이노션,"50,100","1,200",-2.34%,500,"19,813","50,800","50,900","50,000","50,000","50,100",995,"35,910","6,739","3,334","20,000",31.92,"10,020","12,211","20,440","12,600","1,115",-4.18,"-3,065","-6,357",0,-921.04,-3.17,-113.11,-23.25,-329.83,-9.8
237,한올바이오파마,"18,950",400,-2.07%,500,"62,882","19,200","19,400","18,900","18,900","18,950","1,199","144,117","23,264","5,922","52,241",5.86,"9,900",886,"2,201",389,59,-18.30,198,309,N/A,-65.27,61.33,12.29,9.61,5.92,498.0
238,화승엔터프라이즈,"16,300",0,0.00%,500,"42,246","16,200","16,550","16,100","16,250","16,300",690,"67,816","6,848","17,961","60,575",3.15,"9,874","11,158","11,550","6,175",625,-7.14,415,347,45,-26.90,46.97,9.26,3.89,1.82,"1,174.0"
239,다우기술,"22,000",150,+0.69%,500,"33,115","21,650","22,100","21,650","22,000","22,050",724,"33,980","12,462","17,373","44,867",21.97,"9,871","47,329","386,222","353,771","10,154",63.10,N/A,N/A,N/A,N/A,N/A,N/A,N/A,N/A,N/A
240,KBSTAR 200,"36,775",565,-1.51%,0,"31,351","37,285","37,285","36,650","36,775","36,785","1,154","38,711","30,041","22,291","26,800",0.04,"9,856",N/A,N/A,N/A,N/A,N/A,"6,794","7,798",500,100.06,2.81,18.85,2.14,0.50,"7,109.1"
241,미원에스씨,"192,000","1,000",-0.52%,500,"1,287","193,000","194,500","191,500","192,000","193,000",248,"1,674",798,131,"5,100",0.63,"9,792","3,720","3,271",660,492,-1.55,347,"13,396","1,700",5.62,14.33,13.58,10.85,3.09,"10,034.1"
242,KODEX 코스닥150 레버리지,"11,395",535,-4.48%,0,"8,769,811","11,770","11,800","11,380","11,410","11,420","101,244","11,336,005","218,601","58,794","85,800",2.52,"9,777",N/A,N/A,N/A,N/A,N/A,N/A,N/A,N/A,N/A,N/A,N/A,N/A,1.26,901.4
243,SK리츠,"6,300",50,+0.80%,500,"120,899","6,250","6,310","6,230","6,300","6,310",760,"195,165","38,810","70,418","155,021",0.08,"9,766",171,"18,827","11,065",135,N/A,63,52,53,N/A,121.15,N/A,N/A,N/A,N/A
244,서울가스,"195,000",500,-0.26%,"5,000","2,846","197,500","199,000","195,000","195,500","196,000",558,"3,625","2,138","2,119","5,000",7.24,"9,750","12,807","16,897","6,552",80,-5.90,"1,312",249,"16,750",-23.60,783.13,13.14,8.02,0.74,"2,989.7"
245,코스맥스,"84,700","1,400",-1.63%,500,"51,231","85,800","86,400","84,500","84,600","84,700","4,361","72,995","8,765","1,222","11,350",24.18,"9,613","13,829","11,890","9,171",666,3.93,-291,"4,713",0,23.42,17.97,6.23,-2.43,1.77,"7,082.3"
246,KODEX 인버스,"4,345",75,+1.76%,0,"19,850,531","4,290","4,360","4,290","4,340","4,345","86,368","31,715,691","7,490,893","4,436,147","216,400",2.09,"9,416","25,936","25,520","11,056","1,212",5.81,719,"7,895",600,194.61,4.26,5.09,2.81,0.58,931.3
247,풍산,"33,550",700,+2.13%,"5,000","332,991","33,150","34,150","33,100","33,650","33,750","11,249","199,092","20,488","38,881","28,024",12.32,"9,403",N/A,N/A,N/A,N/A,N/A,N/A,N/A,N/A,N/A,N/A,N/A,N/A,N/A,N/A
248,KCC글라스,"58,300",200,-0.34%,"1,000","18,705","58,500","58,800","57,900","58,400","58,500","1,089","26,695","4,591","4,114","15,971",10.08,"9,295","7,087","17,178","3,980",358,N/A,"1,323","13,247","2,100",N/A,4.39,N/A,N/A,0.68,"8,171.2"
249,KODEX 200TR,"11,995",190,-1.56%,0,"49,828","12,160","12,160","11,965","12,005","12,010",598,"1,683,093","46,873","33,178","77,250",0.02,"9,266",N/A,N/A,N/A,N/A,N/A,N/A,N/A,N/A,N/A,N/A,N/A,17.01,2.97,"3,868.2"
250,미원상사,"186,000",500,-0.27%,500,"2,586","187,000","187,000","184,500","185,000","185,500",481,"1,123","1,064",248,"4,970",3.90,"9,244","2,950","3,290",614,429,18.00,518,"12,771",700,32.93,14.56,21.07,N/A,N/A,N/A
N,종목명,현재가,전일비,등락률,액면가,거래량,시가,고가,저가,매수호가,매도호가,거래대금,전일거래량,매수총잔량,매도총잔량,상장주식수,외국인비율,시가총액,매출액,자산총계,부채총계,영업이익,매출액증가율,당기순이익,주당순이익,보통주배당금,영업이익증가율,PER,ROE,ROA,PBR,유보율
251,더블유게임즈,"50,100",700,-1.38%,500,"31,165","50,700","50,800","49,700","49,800","49,850","1,558","36,458","6,134","4,485","18,375",10.41,"9,206","6,582","10,232",953,"1,942",28.09,"1,248","6,921",350,25.60,7.24,16.94,11.90,1.04,"7,861.0"
252,영진약품,"5,030",20,-0.40%,500,"490,354","5,060","5,110","5,000","5,030","5,040","2,474","800,547","46,322","77,089","182,893",3.88,"9,200","2,085","1,881",737,4,-5.47,-1,-67,0,-96.18,-75.07,-0.12,-0.07,8.78,25.1
253,휴켐스,"22,300",50,+0.22%,"1,000","55,955","22,300","22,450","22,050","22,300","22,350","1,241","107,386","20,613","24,467","40,879",5.64,"9,116","5,935","8,666","1,794",952,-10.04,"1,470","7,336","1,200",140.01,2.45,7.35,0.72,0.46,434.2
254,대신증권,"17,950",50,+0.28%,"5,000","112,666","17,850","18,100","17,800","18,000","18,050","2,025","113,261","41,813","54,788","50,773",14.84,"9,114","28,680","215,038","194,265","2,392",6.35,357,"1,476",500,-23.59,15.41,10.97,3.24,2.01,"2,142.7"
255,한세실업,"22,750",250,-1.09%,500,"275,999","23,250","23,750","22,700","22,800","22,850","6,411","281,711","18,101","10,985","40,000",5.68,"9,100","16,983","10,211","5,997",649,5.16,498,"1,603","1,000",-10.45,13.88,7.51,5.59,1.24,"1,672.2"
256,세방전지,"64,700","1,500",-2.27%,500,"19,731","65,800","66,000","64,500","64,800","64,900","1,282","37,098","5,810","1,454","14,000",27.29,"9,058","12,528","15,143","3,782",863,9.99,667,"5,281",500,-18.29,12.25,6.14,4.41,0.74,"16,012.4"
257,효성화학,"282,500","5,500",-1.91%,"5,000","8,676","288,000","289,500","281,500","284,500","285,500","2,471","25,275","1,669","1,524","3,190",7.51,"9,004",889,"2,868","3,131",-58,-12.95,-509,64,0,53.11,58.52,"-2,195.07",-14.18,7.28,-74.8
258,흥아해운,"3,735",285,+8.26%,500,"26,343,092","3,465","3,840","3,455","3,665","3,670","97,103","3,277,833","38,391","120,066","240,425",0.75,"8,996","18,172","24,174","20,150",609,0.26,-116,"30,298",N/A,-60.41,9.31,-2.71,-0.52,1.68,"2,486.2"
259,GKL,"14,450",100,-0.69%,500,"134,225","14,550","14,550","14,250","14,400","14,450","1,932","328,044","77,589","54,276","61,856",2.40,"8,938","1,845","7,084","2,221",-888,-62.41,-643,"-1,804",N/A,-191.74,-8.01,-12.01,-7.95,2.19,"1,472.7"
260,제이알글로벌리츠,"5,380",10,+0.19%,"1,000","421,086","5,390","5,390","5,360","5,370","5,380","2,262","549,135","188,615","141,558","165,600",6.72,"8,926",543,"18,206","10,058",234,N/A,181,N/A,190,4.87,N/A,N/A,N/A,N/A,396.8
261,해성디에스,"52,200",200,-0.38%,"5,000","90,175","52,200","52,700","51,200","52,600","52,700","4,687","115,098","10,590","11,145","17,000",6.33,"8,891","4,587","3,832","1,514",435,20.28,300,"2,893",450,61.04,18.08,13.62,8.45,3.27,172.8
262,오리온홀딩스,"14,000",200,-1.41%,500,"55,181","14,200","14,250","13,900","14,000","14,050",772,"61,898","37,773","22,199","62,645",5.26,"8,770","22,805","44,976","10,028","3,086",8.41,"2,185","1,251",650,15.74,11.19,3.98,4.93,0.41,"6,095.2"
263,한섬,"35,600",750,-2.06%,500,"20,281","36,350","36,500","35,550","35,600","35,650",726,"36,082","6,087","2,012","24,630",28.46,"8,768","11,959","14,385","3,125","1,021",-5.07,849,"4,351",450,-4.22,8.18,7.85,6.15,0.66,"9,309.6"
264,보령제약,"12,750",100,-0.78%,500,"63,096","12,850","12,900","12,650","12,750","12,800",805,"119,985","51,355","32,228","68,690",7.09,"8,758","5,619","6,480","3,077",400,7.17,269,647,75,2.36,19.71,8.62,4.65,1.79,"1,415.6"
265,부광약품,"12,150",150,-1.22%,500,"940,206","12,300","12,550","12,050","12,050","12,100","11,551","1,117,145","154,907","122,561","71,063",4.26,"8,599","1,697","4,010","1,298",40,0.87,-101,-62,137,-57.77,-195.16,-2.46,-2.56,3.32,841.9
266,TIGER 200 IT,"33,425",960,-2.79%,0,"143,459","34,225","34,225","33,405","33,475","33,485","4,818","118,045","9,774","12,511","25,560",0.06,"8,540",N/A,N/A,N/A,N/A,N/A,N/A,N/A,N/A,N/A,N/A,N/A,-1.67,1.48,-2.9
267,진에어,"16,350",300,-1.80%,"1,000","103,058","16,600","16,600","15,950","16,350","16,400","1,676","230,869","44,477","14,979","52,200",2.56,"8,535","2,718","5,568","4,586","-1,847",-70.14,"-1,904","-4,967",0,-278.29,-3.29,-131.35,N/A,N/A,N/A
268,프레스티지바이오파마,"14,200",500,-3.40%,0,"71,301","14,700","14,700","14,150","14,250","14,300","1,020","66,794","30,239","5,663","60,096",62.15,"8,534",N/A,"6,053",286,-175,N/A,-64,-538,0,-63.42,-26.39,-1.78,-30.19,-378.19,141.4
269,쿠쿠홈시스,"37,850",500,-1.30%,100,"16,597","38,000","38,200","37,700","37,800","37,850",628,"30,296","4,910",879,"22,437",4.59,"8,499","8,905","11,208","3,388",962,1.75,768,"21,205","1,400",13.56,4.51,10.29,6.99,0.84,"1,748.5"
270,유니드,"95,500","1,700",+1.81%,"5,000","76,242","93,000","96,100","92,100","95,700","95,800","7,189","101,925","1,563","1,949","8,890",12.94,"8,493","7,866","7,081","1,721","1,358",18.52,866,"6,513",600,12.60,5.81,15.94,12.97,1.36,"22,486.0"
271,덴티움,"76,400","1,500",+2.00%,500,"513,196","74,100","78,000","73,100","75,900","76,100","38,684","1,711,044","4,514","2,687","11,069",17.78,"8,446","2,297","5,102","2,816",396,-9.04,222,"4,363",200,-11.33,17.49,10.34,4.20,2.42,"3,949.6"
272,SGC에너지,"57,200",0,0.00%,"5,000","55,445","57,200","57,800","55,900","57,200","57,500","3,142","92,399","1,474","8,906","14,677",3.03,"8,395","1,065","26,657","19,976",70,-62.52,262,"4,054","1,500",525.76,14.11,6.24,1.56,1.45,700.0
273,현대그린푸드,"8,520",30,-0.35%,500,"116,319","8,570","8,570","8,460","8,510","8,520",990,"220,104","18,723","10,408","97,704",9.54,"8,324","32,385","30,685","8,783",786,3.65,816,811,210,-12.59,10.51,4.07,2.70,0.40,"3,381.2"
274,아모레퍼시픽우,"78,600",400,-0.51%,500,"11,193","78,500","79,700","78,500","78,800","78,900",886,"13,655",524,"3,532","10,558",63.61,"8,298",N/A,N/A,N/A,N/A,N/A,N/A,"2,593",N/A,N/A,30.31,N/A,N/A,1.12,N/A
275,엠씨넥스,"45,450","1,400",-2.99%,500,"86,054","46,850","46,900","45,450","45,500","45,550","3,951","129,079","14,321","2,358","17,974",9.68,"8,178","13,113","4,534","2,005",592,3.44,384,"1,055",500,-47.67,43.13,16.10,8.27,2.91,"2,788.6"
276,대성홀딩스,"50,600",200,-0.39%,"1,000","41,495","50,900","50,900","50,300","50,700","50,800","2,098","57,500","16,987","10,714","16,089",6.08,"8,141","8,895","11,811","5,995",274,-3.16,477,522,250,14.74,96.93,9.73,4.12,1.76,"2,921.9"
277,동원산업,"213,000","1,500",+0.71%,"5,000","2,142","211,000","213,000","210,000","212,000","212,500",453,"8,401",966,504,"3,678",8.50,"7,833","28,573","31,060","18,109","3,065",6.51,"2,436","55,670","5,000",58.34,3.83,21.01,8.00,0.51,"7,050.2"
278,SBS,"42,600",650,-1.50%,"5,000","24,762","43,000","43,500","42,550","42,650","42,700","1,067","24,588","9,324","2,054","18,253",0.00,"7,776","8,603","11,704","6,034",691,5.22,-619,"8,655",0,448.94,4.92,-12.32,-5.12,1.15,469.8
279,SPC삼립,"89,900","1,500",+1.70%,"5,000","30,357","88,900","91,300","88,200","89,400","89,500","2,720","56,192",665,"3,665","8,629",2.73,"7,749","25,427","11,819","8,789",511,1.74,-124,"3,035","1,104",8.83,29.59,-3.98,-1.04,2.28,689.3
280,대상,"22,200",250,-1.11%,"1,000","42,779","22,500","22,500","22,200","22,200","22,250",953,"90,294","25,116","11,031","34,648",10.77,"7,692","31,132","25,283","14,268","1,744",5.03,"1,270","2,585",700,34.34,8.61,12.02,5.17,0.68,"3,116.4"
281,SK디스커버리,"39,950",900,-2.20%,"5,000","23,450","41,000","41,000","39,900","40,050","40,100",941,"19,914","6,522","3,568","19,038",7.59,"7,606","45,195","56,216","30,053","1,730",-9.99,"3,555","9,625","1,000",-0.56,4.15,14.71,6.69,0.34,"2,638.2"
282,우리종금,869,12,-1.36%,500,"1,045,641",886,886,868,868,869,913,"3,023,484","172,206","61,560","874,203",2.01,"7,597","2,563","43,325","38,036",687,24.96,629,93,10,27.61,9.34,14.05,1.63,1.29,21.1
283,LX홀딩스,"9,790",60,-0.61%,"1,000","92,459","9,840","9,880","9,770","9,780","9,790",906,"99,417","22,418","12,632","76,281",9.83,"7,476",N/A,N/A,N/A,N/A,N/A,N/A,N/A,N/A,N/A,N/A,N/A,N/A,0.56,N/A
284,유나이티드제약,"45,700",100,+0.22%,500,"171,211","45,500","46,650","45,400","45,750","45,800","7,895","72,677","15,519","4,867","16,245",9.67,"7,424","2,159","3,534",765,401,-2.42,266,"1,800",350,16.38,25.39,10.01,7.77,2.27,"3,581.9"
285,롯데제과,"114,500","1,000",-0.87%,500,"1,258","114,500","115,500","114,000","114,500","115,000",144,"4,766","2,306","1,090","6,417",17.79,"7,347","20,760","26,430","13,631","1,126",-0.81,417,"8,787","1,600",15.64,13.03,3.42,1.56,0.58,"38,902.8"
286,현대일렉트릭,"20,350",350,-1.69%,"5,000","67,286","20,700","20,750","20,000","20,250","20,300","1,366","91,960","24,566","8,800","36,047",14.24,"7,336","18,113","22,726","15,934",727,2.27,-402,181,N/A,146.40,112.43,-5.84,-1.78,1.03,244.2
287,유안타증권,"3,635",35,-0.95%,"5,000","108,180","3,670","3,675","3,625","3,645","3,650",394,"149,233","31,165","16,469","199,597",63.77,"7,255","27,039","149,482","135,612","1,226",26.84,"1,050","1,134",125,70.76,3.21,7.92,0.77,0.48,35.8
288,디티알오토모티브,"72,400","1,000",-1.36%,500,"9,440","73,400","73,500","71,100","71,500","72,400",682,"10,618","1,293",370,"9,994",4.38,"7,236","8,239","9,618","3,071",714,-11.39,484,"5,615","2,000",-11.00,12.89,7.48,5.17,0.93,"18,463.8"
289,미래에셋생명,"4,085",10,+0.25%,"5,000","30,748","4,075","4,090","4,050","4,080","4,085",125,"47,678","4,158","10,752","177,016",4.33,"7,231","36,283","406,290","383,439","1,153",4.09,798,152,100,-18.04,26.88,3.45,0.20,0.33,136.4
290,삼양홀딩스,"84,000","1,000",-1.18%,"5,000","5,242","84,600","85,800","83,400","83,700","83,900",441,"9,937",659,270,"8,564",8.12,"7,194","24,712","38,936","17,378","1,703",-0.70,"1,433","29,506","2,250",114.59,2.85,6.96,3.83,0.36,"3,264.5"
291,코리아써키트,"30,400",350,-1.14%,500,"518,161","30,600","31,600","30,350","30,400","30,450","16,110","677,341","37,385","11,723","23,621",4.70,"7,169","9,021","9,217","3,554",134,66.01,-118,925,N/A,-3.31,32.81,3.39,-1.68,2.18,"2,429.0"
292,HANARO 200,"36,600",565,-1.52%,0,"17,134","36,975","36,980","36,505","36,580","36,590",629,"25,918","31,639","26,784","19,500",0.09,"7,138",N/A,N/A,N/A,N/A,N/A,N/A,N/A,N/A,N/A,N/A,N/A,N/A,N/A,N/A
293,현대홈쇼핑,"58,700",100,-0.17%,"5,000","5,307","58,800","58,900","58,200","58,700","58,900",310,"10,239","7,221",848,"12,000",28.92,"7,037","10,458","6,043","3,020",197,86.87,107,964,100,-35.34,11.26,8.79,2.18,2.16,"4,079.1"
294,드림텍,"10,850",250,-2.25%,100,"196,817","11,050","11,050","10,800","10,850","10,900","2,143","410,434","107,339","69,037","64,854",20.92,"7,032","22,987","26,886","8,910","1,549",4.16,"1,127","12,124","2,200",18.83,4.83,6.39,4.35,0.35,"3,017.8"
295,현대건설기계,"34,800",450,-1.28%,"5,000","53,935","34,900","35,200","34,550","34,800","34,850","1,873","108,464","15,937","2,456","19,701",17.60,"6,856","26,175","33,559","17,683",916,-8.23,85,"5,947",0,-41.97,5.85,-0.80,0.26,0.48,"1,089.3"
296,넥스트사이언스,"16,150",500,-3.00%,500,"480,757","16,650","17,100","16,100","16,250","16,300","8,009","666,541","39,762","18,855","42,166",11.41,"6,810",354,"1,308",571,-142,17.81,-301,-829,0,-348.73,-19.48,-41.41,-23.12,6.46,343.8
297,SK디앤디,"30,500",250,-0.81%,"1,000","6,592","30,750","30,750","30,250","30,450","30,500",200,"13,437","2,989","1,817","22,190",5.07,"6,768","6,998","17,124","11,810","1,398",53.89,661,"3,016",600,69.96,10.11,14.88,4.25,1.26,"2,086.7"
298,KODEX 자동차,"18,320",260,-1.40%,0,"164,614","18,500","18,540","18,280","18,310","18,315","3,023","392,281","31,416","28,445","36,900",1.19,"6,760",N/A,N/A,N/A,N/A,N/A,N/A,N/A,N/A,N/A,N/A,N/A,N/A,N/A,N/A
299,세아베스틸,"18,800",300,+1.62%,"5,000","99,930","18,950","19,000","18,450","18,850","18,900","1,874","169,153","18,820","16,123","35,862",16.11,"6,760","25,358","32,804","15,667",-33,-13.65,"-2,455","-2,597",200,-107.61,-7.26,-14.18,-7.16,0.38,585.3
300,TIGER 글로벌리튬&2차전지SOLACTIVE(합성),"9,980",205,-2.01%,0,"193,811","10,180","10,240","9,965","9,975","9,980","1,940","334,568","39,221","108,590","67,320",0.68,"6,719",N/A,N/A,N/A,N/A,N/A,N/A,N/A,N/A,N/A,N/A,N/A,N/A,N/A,N/A
N,종목명,현재가,전일비,등락률,액면가,거래량,시가,고가,저가,매수호가,매도호가,거래대금,전일거래량,매수총잔량,매도총잔량,상장주식수,외국인비율,시가총액,매출액,자산총계,부채총계,영업이익,매출액증가율,당기순이익,주당순이익,보통주배당금,영업이익증가율,PER,ROE,ROA,PBR,유보율
301,HJ중공업,"8,080",230,+2.93%,"5,000","35,360","7,850","8,130","7,740","7,880","7,890",280,"80,008","1,187","4,080","83,274",20.18,"6,719",N/A,N/A,N/A,N/A,N/A,N/A,N/A,N/A,N/A,N/A,N/A,3.36,2.56,-37.5
302,파미셀,"11,150",150,-1.33%,500,"107,219","11,350","11,350","11,100","11,100","11,150","1,197","362,196","63,306","62,254","59,959",8.31,"6,685",378,697,126,72,16.23,52,139,N/A,268.38,80.22,9.65,11.32,0.67,"3,275.1"
303,동아쏘시오홀딩스,"105,000",500,+0.48%,"5,000","3,606","104,500","105,000","103,500","104,000","104,500",377,"4,491","2,471","3,032","6,349",12.17,"6,666","7,833","15,111","6,224",506,1.77,"1,624","34,437","1,000",-4.19,3.05,19.87,7.88,10.28,90.9
304,경동나비엔,"45,500",200,+0.44%,"1,000","23,091","45,300","46,250","44,700","45,450","45,500","1,048","56,484","2,857","1,113","14,569",12.74,"6,629","8,734","7,347","3,865",671,12.80,416,"6,447",350,49.69,7.07,12.83,6.19,1.45,"2,713.1"
305,동원F&B,"170,500","3,000",-1.73%,"5,000","3,004","173,500","174,000","170,500","170,500","171,500",514,"6,402","1,620","1,106","3,859",5.87,"6,580","31,703","16,839","9,370","1,163",4.62,779,"19,540","3,500",14.70,8.75,10.91,4.79,0.83,"3,924.8"
306,삼양식품,"87,200","1,800",-2.02%,"5,000","18,792","88,500","89,200","87,000","87,400","87,500","1,646","20,332","4,810","1,280","7,533",11.26,"6,569","6,485","5,562","2,089",953,19.30,680,"5,769",800,21.78,15.12,21.47,13.24,1.75,803.6
307,DI동일,"258,000","9,000",+3.61%,"5,000","11,616","249,000","260,500","247,500","257,000","258,000","2,978","10,010",351,"2,301","2,511",3.27,"6,465","6,797","8,826","3,659",264,-0.77,240,"13,932","1,567",51.24,18.48,4.00,2.72,0.92,"4,228.1"
308,SNT모티브,"43,550","1,100",-2.46%,"5,000","17,927","44,650","44,650","43,500","43,550","43,600",792,"55,368","2,052",772,"14,623",20.26,"6,375","28,510","37,325","11,154","3,408",4.13,"2,345","11,996","1,200",13.97,3.90,7.64,6.23,0.34,"18,667.2"
309,영원무역홀딩스,"46,700",450,-0.95%,500,"3,219","47,300","47,300","46,450","46,700","46,800",150,"2,764",867,314,"13,636",20.72,"6,368","9,417","11,498","2,922",916,0.11,801,"5,479","1,600",2.48,7.95,9.90,7.15,0.71,"1,050.8"
310,미래에셋증권2우B,"4,525",10,-0.22%,"5,000","39,022","4,520","4,530","4,500","4,515","4,525",176,"117,348","45,501","32,660","140,000",11.74,"6,335",N/A,N/A,N/A,N/A,N/A,N/A,"1,462",N/A,N/A,3.10,N/A,N/A,0.27,N/A
311,풀무원,"16,550",150,-0.90%,500,"24,394","16,700","16,850","16,550","16,600","16,650",406,"31,300","10,303","12,677","38,121",0.77,"6,309","23,112","16,936","11,806",460,-2.95,118,450,102,50.37,36.89,3.84,0.75,1.44,"1,513.1"
312,쿠쿠홀딩스,"17,700",150,-0.84%,100,"12,121","17,700","17,750","17,550","17,600","17,650",213,"29,455","14,778","5,958","35,562",7.91,"6,294","5,878","9,251","1,642","1,023",11.26,"1,493","6,191",550,42.24,4.60,23.71,12.71,0.73,588.2
313,DL건설,"28,450",450,+1.61%,"5,000","23,078","28,100","28,700","27,850","28,450","28,550",654,"32,389","8,924","9,585","22,053",2.12,"6,285","17,346","14,984","6,965","2,034",35.53,"1,067","4,016",660,37.35,4.39,14.88,12.28,0.63,"40,233.6"
314,NICE,"16,550",50,+0.30%,500,"15,225","16,350","16,550","16,350","16,400","16,450",250,"33,465","13,671","10,570","37,882",19.21,"6,270","20,555","27,304","14,808","1,531",9.70,529,"1,275",270,-0.41,12.94,2.43,2.00,0.83,"3,645.5"
315,한국단자,"59,800","2,000",-3.24%,500,"15,797","61,800","61,800","59,800","59,900","60,000",952,"33,237","6,386",829,"10,415",22.00,"6,228","8,025","9,852","2,210",790,3.93,577,"7,452",700,135.62,8.02,7.84,6.17,0.73,"14,563.5"
316,ARIRANG 200,"37,330",575,-1.52%,0,"16,258","37,850","37,850","37,200","37,310","37,335",615,"209,210","15,894","13,430","16,600",0.17,"6,197",N/A,N/A,N/A,N/A,N/A,N/A,N/A,N/A,N/A,N/A,N/A,N/A,N/A,N/A
317,KODEX 코스닥 150,"12,590",315,-2.44%,0,"2,157,159","12,810","12,810","12,590","12,610","12,615","27,352","4,505,061","83,587","87,154","49,200",2.31,"6,196",N/A,N/A,N/A,N/A,N/A,N/A,N/A,N/A,N/A,N/A,N/A,N/A,N/A,N/A
318,넥센타이어,"6,280",100,-1.57%,500,"67,388","6,400","6,400","6,250","6,280","6,290",424,"133,897","30,383","9,418","97,668",4.74,"6,134","16,981","35,411","19,941",394,-16.03,-166,258,105,-80.99,24.34,-1.09,6.72,0.87,"2,047.3"
319,KINDEX 200,"36,845",600,-1.60%,0,"53,364","37,395","37,395","36,725","36,825","36,845","1,967","146,201","22,176","20,206","16,600",16.08,"6,125","10,961","9,449","3,965",818,7.28,531,"3,690",300,94.66,6.73,10.21,-0.48,0.40,"2,714.4"
320,대한제강,"24,700","1,150",-4.45%,"1,000","314,243","25,850","26,200","24,600","24,650","24,700","7,945","460,080","11,715","6,686","24,647",9.81,"6,113",N/A,N/A,N/A,N/A,N/A,N/A,N/A,N/A,N/A,N/A,N/A,N/A,N/A,N/A
321,아세아시멘트,"154,000","4,500",-2.84%,"5,000","21,704","159,500","160,500","153,500","154,500","155,000","3,385","60,894","3,975","1,524","3,896",3.85,"6,000","7,875","19,014","10,778",753,-5.89,251,"20,982","1,250",-7.21,7.34,2.94,1.31,0.68,"4,090.2"
322,신영증권,"63,000",100,+0.16%,"5,000","1,886","62,800","63,100","62,800","63,000","63,100",118,"3,214","2,443","2,017","9,386",8.00,"5,927","5,207","6,133","2,657",267,2.77,202,416,500,3.39,57.45,5.85,3.31,1.74,"2,253.9"
323,삼화콘덴서,"56,800",800,-1.39%,"1,000","28,814","57,600","57,600","56,500","56,800","56,900","1,673","66,936","15,328","4,952","10,395",7.46,"5,913","28,578","98,208","84,197","2,575",11.30,"1,961","5,570","4,000","1,492.28",11.31,15.34,1.95,0.37,"1,803.6"
324,율촌화학,"23,750",400,-1.66%,500,"32,022","24,050","24,150","23,400","23,650","23,800",760,"43,804","6,307","3,069","24,800",5.09,"5,894","2,425","2,350",601,271,-4.72,235,"2,935",300,-27.31,19.32,14.28,10.43,2.90,"1,504.5"
325,QV 코스피 변동성 매칭형 양매도 ETN,"8,310",0,0.00%,0,0,"8,310","8,310","8,310","8,280","8,290",0,0,100,"600,000","70,000",0.00,"5,817",N/A,N/A,N/A,N/A,N/A,N/A,N/A,N/A,N/A,N/A,N/A,N/A,N/A,N/A
326,KODEX Top5PlusTR,"18,010",400,-2.17%,0,"5,909","18,315","18,315","17,965","18,010","18,035",106,"2,519","29,470","23,295","31,900",15.68,"5,747",N/A,N/A,N/A,N/A,N/A,N/A,N/A,N/A,N/A,N/A,N/A,N/A,N/A,N/A
327,동아에스티,"67,600",300,-0.44%,"5,000","4,865","67,900","68,200","67,400","67,600","67,700",329,"9,024","3,428","1,449","8,446",19.83,"5,710","5,867","9,807","3,386",340,-4.18,271,477,"1,000",-39.90,141.72,4.21,2.73,0.87,"1,089.3"
328,롯데하이마트,"24,050",50,+0.21%,"5,000","11,975","24,050","24,350","23,750","24,000","24,050",287,"35,141","6,897","5,260","23,608",7.83,"5,689","40,517","33,492","14,232","1,611",0.63,287,418,"1,200",46.62,57.66,1.49,0.89,0.28,"1,531.8"
329,롯데정보통신,"36,350",400,-1.09%,"5,000","7,171","36,750","36,750","36,300","36,500","36,600",261,"32,001","3,765","1,463","15,396",1.26,"5,597","8,495","6,495","2,362",388,0.46,299,"2,549",700,-5.75,14.26,7.43,4.44,1.28,523.7
330,JW중외제약,"25,000",750,+3.09%,"2,500","225,887","24,550","25,550","24,550","25,100","25,150","5,681","135,543","8,730","32,574","22,178",6.56,"5,545","5,473","5,491","3,416",-13,7.04,-153,-51,307,93.04,-490.20,-6.97,-2.72,2.81,292.9
331,한국토지신탁,"2,185",5,+0.23%,"1,000","561,583","2,180","2,195","2,155","2,175","2,180","1,219","1,020,952","243,710","65,921","252,489",18.51,"5,517","2,374","15,445","6,215",938,-7.14,851,498,90,-21.36,4.39,9.44,5.69,0.50,283.9
332,효성중공업,"58,900",900,+1.55%,"5,000","29,179","57,700","59,400","57,400","59,000","59,100","1,711","37,505","1,606","9,524","9,325",6.35,"5,501","29,840","37,035","27,352",441,-21.09,-193,"3,143",N/A,-66.16,18.77,-2.48,-0.50,0.60,"1,872.0"
333,KBSTAR 단기통안채,"104,990",5,0.00%,0,"44,127","104,990","104,995","104,990","104,990","104,995","4,633","73,250","16,458","16,900","5,159",0.03,"5,416",N/A,N/A,N/A,N/A,N/A,N/A,N/A,N/A,N/A,N/A,N/A,N/A,N/A,N/A
334,미래에셋 레버리지 원유선물혼합 ETN(H),"13,195","1,120",-7.82%,0,"101,258","13,110","13,950","13,060","13,205","13,220","1,345","91,245","598,345","597,623","41,000",0.00,"5,410",N/A,N/A,N/A,N/A,N/A,N/A,N/A,N/A,N/A,N/A,N/A,N/A,N/A,N/A
335,세아제강지주,"130,500","2,000",+1.56%,"5,000","36,764","128,500","137,500","128,500","130,500","131,000","4,887","22,239","1,921","2,919","4,142",7.28,"5,405","23,064","23,156","9,848",671,-12.77,338,"33,155","1,500",6.28,3.94,1.76,1.42,0.46,"4,373.8"
336,삼양사,"52,400",800,-1.50%,"5,000","14,733","53,100","53,100","52,200","52,400","52,500",774,"26,251","3,886","1,361","10,313",4.61,"5,404","20,518","25,765","12,235","1,116",-2.13,770,"4,621","1,250",36.79,11.34,5.06,3.10,0.41,"2,154.2"
337,코오롱글로벌,"21,400",200,+0.94%,"5,000","65,649","21,200","21,800","21,150","21,450","21,500","1,411","69,686","4,651","10,007","25,210",1.96,"5,395","39,282","24,699","19,836","1,763",12.75,805,"5,449",400,40.46,3.93,17.83,3.44,0.91,282.4
338,한일현대시멘트,"30,200",300,-0.98%,"5,000","10,732","30,900","30,900","30,100","30,200","30,250","11,710","832,543","181,126","425,928","43,961",6.02,"5,385","4,117","4,783",978,757,50.57,574,740,180,199.48,16.55,16.55,13.10,1.33,"1,676.2"
339,한국카본,"12,200",250,+2.09%,500,"952,837","12,050","12,500","12,000","12,250","12,300",324,"29,581","6,680",541,"17,775",0.36,"5,368","3,343","5,629","3,071",571,-12.98,628,"3,154","1,100",62.19,9.58,27.27,11.18,1.70,202.8
340,KINDEX 미국S&P500,"13,280",130,-0.97%,0,"207,932","13,415","13,415","13,175","13,270","13,275","2,765","294,329","45,549","48,068","40,200",0.69,"5,337",N/A,N/A,N/A,N/A,N/A,N/A,N/A,N/A,N/A,N/A,N/A,N/A,N/A,N/A
341,키다리스튜디오,"15,300",350,-2.24%,500,"71,192","15,700","15,700","15,100","15,300","15,400","2,116","808,918","22,425","64,757","143,708",1.52,"5,288","11,999","8,985","6,335",743,16.81,288,421,0,79.34,8.74,11.62,0.16,2.49,241.1
342,신성통상,"3,675",40,+1.10%,500,"569,033","3,615","3,700","3,545","3,675","3,685","1,100","142,012","12,133","11,740","34,760",1.20,"5,284",455,482,210,46,70.20,1,234,0,552.46,64.96,0.22,3.28,1.69,258.4
343,빙그레,"53,500",0,0.00%,"5,000","6,563","53,500","53,700","53,300","53,500","53,600",372,"12,500","8,784","3,438","9,851",20.90,"5,270","9,591","7,641","1,746",398,9.20,349,"1,602","1,600",-12.96,33.40,6.01,4.81,0.78,"1,138.4"
344,락앤락,"10,200",100,-0.97%,500,"17,599","10,250","10,300","10,150","10,200","10,250",179,"50,787","43,565","23,580","51,550",75.51,"5,258","5,020","7,832","1,179",289,3.29,118,327,0,18.97,31.19,1.74,1.49,0.75,"2,508.6"
345,롯데손해보험,"1,690",25,-1.46%,"1,000","107,481","1,715","1,720","1,690","1,695","1,700",183,"135,106","110,980","62,272","310,336",0.72,"5,245","41,182","163,482","154,016",-310,12.10,-242,33,0,56.29,51.21,-2.53,-0.15,0.50,205.4
346,남해화학,"10,500",350,+3.45%,"1,000","6,724,119","10,250","11,700","10,200","10,500","10,550","2,398","88,384","4,989","7,379","9,011",20.17,"5,217","11,327","9,306","3,783",460,1.00,308,"17,002",928,9.28,3.41,5.54,3.35,0.65,"1,838.9"
347,국도화학,"57,800",700,+1.23%,"5,000","41,525","57,600","58,500","57,100","57,800","57,900","1,013","26,735","9,906","33,331","23,000",8.16,"5,198","13,974","22,457","7,828",98,-14.78,27,"5,142",261,-56.20,4.40,0.62,0.12,0.35,"6,768.4"
348,고려제강,"22,600",600,+2.73%,"1,000","45,343","21,950","22,850","21,800","22,600","22,650","74,980","444,562","158,350","163,151","49,679",4.49,"5,191","10,098","5,894","1,365",264,-14.94,250,89,80,72.15,117.42,5.65,4.28,1.10,826.1
349,LF,"17,750",50,+0.28%,"5,000","22,713","17,700","17,800","17,450","17,650","17,700",399,"29,834","13,370","6,936","29,240",23.60,"5,190","16,105","24,794","10,650",771,-13.03,286,"3,163",500,-11.96,5.61,1.41,1.17,0.39,754.1
350,이연제약,"28,650",50,+0.17%,500,"50,021","28,900","29,450","27,850","28,900","28,950","1,438","38,310","2,156","1,856","17,999",2.98,"5,157","1,300","3,176",875,41,-1.16,38,314,196,-37.33,91.24,1.71,1.30,2.14,"2,579.3"
N,종목명,현재가,전일비,등락률,액면가,거래량,시가,고가,저가,매수호가,매도호가,거래대금,전일거래량,매수총잔량,매도총잔량,상장주식수,외국인비율,시가총액,매출액,자산총계,부채총계,영업이익,매출액증가율,당기순이익,주당순이익,보통주배당금,영업이익증가율,PER,ROE,ROA,PBR,유보율
351,KOSEF 200,"36,550",600,-1.62%,0,"13,085","37,150","37,150","36,450","36,550","36,570",480,"153,839","38,784","28,895","14,100",0.00,"5,154",N/A,N/A,N/A,N/A,N/A,N/A,N/A,N/A,N/A,N/A,N/A,N/A,N/A,N/A
352,LX하우시스,"57,300",0,0.00%,"5,000","63,524","57,900","58,400","57,100","57,400","57,500","3,665","100,056","7,716","4,559","8,968",21.57,"5,138","30,380","23,854","15,482",710,-4.67,-795,"-11,536",300,3.21,-4.97,-8.80,-3.21,0.66,"1,645.2"
353,SIMPAC,"7,730",20,-0.26%,500,"254,237","7,690","7,900","7,690","7,760","7,770","1,978","555,641","29,880","13,676","65,430",7.27,"5,064","3,659","7,373","2,733",78,-14.93,341,"1,256",60,-30.10,6.16,7.54,4.82,0.85,"1,392.0"
354,삼성화재우,"157,000",0,0.00%,500,"6,952","157,000","157,000","155,000","155,500","156,500","1,083","12,831","9,007","1,709","3,192",22.84,"5,011",N/A,N/A,N/A,N/A,N/A,N/A,"23,131",N/A,N/A,6.79,N/A,N/A,0.44,N/A
355,애경케미칼,"10,250",50,-0.49%,500,"69,445","10,250","10,400","10,150","10,250","10,300",712,"76,683","46,154","39,539","48,649",8.46,"4,986","9,089","5,321","1,409",575,-10.64,443,"2,565",350,22.70,4.02,11.72,8.65,0.71,"2,398.1"
356,애경산업,"18,750",300,-1.57%,"1,000","26,393","19,000","19,000","18,700","18,800","18,850",496,"48,660","14,705","5,340","26,410",2.27,"4,952","5,881","4,345","1,014",224,-16.14,115,662,200,-63.09,28.32,3.41,2.59,1.43,"1,183.5"
357,BGF,"5,150",0,0.00%,"1,000","59,591","5,180","5,180","5,090","5,150","5,160",275,"53,655","38,331","17,287","47,286",0.60,"4,910","1,544","16,582","1,211",146,15.74,179,481,110,-44.45,10.67,1.81,1.08,0.32,"1,512.9"
358,SK렌터카,"10,400",150,-1.42%,500,"26,464","10,600","10,600","10,350","10,400","10,450",306,"61,191","30,312","29,847","95,717",5.42,"4,901","17,665","101,111","88,478","1,366",21.66,"1,039","2,483",450,23.77,3.05,9.35,1.15,0.35,292.6
359,교보증권,"7,580",100,-1.30%,"5,000","24,413","7,660","7,670","7,570","7,580","7,590",185,"23,417","27,531","5,899","64,653",4.15,"4,894","8,635","22,271","17,641",708,34.73,182,537,N/A,70.43,19.27,4.50,0.94,0.96,"2,319.5"
360,한화손해보험,"4,185",45,+1.09%,"5,000","345,745","4,110","4,250","4,085","4,175","4,180","1,445","756,042","15,983","29,607","116,739",8.37,"4,886","78,675","195,183","178,117",703,-2.00,483,"1,119",0,174.75,3.74,3.11,0.26,0.32,192.4
361,송원산업,"20,300",500,-2.40%,500,"165,146","20,800","20,850","20,200","20,300","20,350","3,366","282,693","74,738","17,131","24,000",17.90,"4,872","9,982","11,156","5,724","1,057",23.57,712,"3,011",200,55.44,6.74,14.43,7.10,0.90,"4,440.3"
362,일양약품,"25,200",250,-0.98%,"2,500","31,508","25,500","25,550","25,050","25,100","25,150",808,"53,450","12,457","4,725","19,086",11.35,"4,790","3,433","4,391","1,942",341,5.78,215,592,120,4.89,42.40,5.39,4.92,2.13,225.7
363,한국자산신탁,"3,845",105,+2.81%,500,"220,578","3,765","3,850","3,720","3,840","3,845",837,"147,634","9,980","33,343","123,978",7.94,"4,767","2,401","12,076","4,388","1,787",7.52,"1,300",903,220,56.63,4.25,18.18,10.63,0.57,"1,160.7"
364,코람코에너지리츠,"6,790",180,+2.72%,500,"155,648","6,620","6,800","6,590","6,790","6,800","1,047","78,174","8,380","57,298","69,620",1.41,"4,726","1,464","5,081",398,38,-27.73,-35,-669,100,-71.10,-32.21,-3.52,-0.67,0.99,"3,518.9"
365,잇츠한불,"21,550",200,-0.92%,500,"83,830","22,050","22,200","21,400","21,550","21,600","1,828","109,830","13,870","10,099","21,929",0.50,"4,720",410,"9,875","6,261",307,69.15,202,291,319,61.97,23.30,5.67,2.77,0.18,"1,382.5"
366,HDC,"7,910",40,+0.51%,"5,000","204,539","7,850","8,020","7,800","7,910","7,920","1,618","185,166","29,894","14,227","59,742",19.48,"4,720","39,519","96,171","52,719","5,447",144.44,"1,913","2,973",250,325.12,2.66,4.72,1.98,1.31,938.3
367,엔에스쇼핑,"14,000",0,0.00%,500,0,0,0,0,0,0,0,0,0,0,"33,696",4.33,"4,717","5,391","11,512","7,319",294,8.26,64,-694,150,2.21,-20.17,1.53,0.62,1.19,"2,536.7"
368,삼성SDI우,"288,500","6,000",-2.04%,"5,000","2,633","294,500","294,500","288,000","288,000","289,000",765,"2,843",735,527,"1,618",17.14,"4,668",N/A,N/A,N/A,N/A,N/A,N/A,"16,621",N/A,N/A,17.36,N/A,N/A,1.31,N/A
369,에어부산,"2,380",35,+1.49%,"1,000","711,286","2,350","2,385","2,300","2,360","2,365","1,672","865,939","68,202","132,362","193,920",0.42,"4,615","1,899","10,345","9,242","-1,887",N/A,"-1,285","-2,091",0,N/A,-1.13,N/A,N/A,2.57,42.4
370,YG PLUS,"7,200",40,-0.55%,500,"258,219","7,230","7,300","7,160","7,190","7,200","1,861","562,463","101,429","30,869","63,429",1.97,"4,567","1,071","1,510",468,61,-5.72,-75,76,0,35.62,94.74,-6.94,-4.86,3.77,193.6
371,서흥,"39,050",950,-2.37%,500,"10,451","39,950","39,950","38,950","39,000","39,100",410,"24,767","5,055",641,"11,569",11.63,"4,518","5,530","7,660","3,890",743,20.03,593,"4,699",450,56.77,8.31,16.73,8.04,1.15,"6,023.6"
372,KOSEF 200TR,"43,640",695,-1.57%,0,"2,451","44,125","44,125","43,500","43,610","43,635",107,"36,660","21,031","19,747","10,350",0.05,"4,517",N/A,N/A,N/A,N/A,N/A,N/A,N/A,N/A,N/A,N/A,N/A,N/A,N/A,N/A
373,신영증권우,"62,900",600,-0.94%,"5,000",508,"63,600","63,600","62,900","63,000","63,300",31,647,195,808,"7,054",6.25,"4,437",N/A,N/A,N/A,N/A,N/A,N/A,"5,570",N/A,N/A,11.29,N/A,N/A,0.37,N/A
374,이수페타시스,"6,990",120,-1.69%,"1,000","840,772","7,110","7,180","6,980","7,000","7,010","5,932","1,803,986","97,949","18,334","63,246",3.44,"4,417","22,157","37,887","25,507","1,059",7.44,91,"13,892",600,16.84,2.13,0.74,0.25,0.34,"1,016.8"
375,한진,"29,550",50,-0.17%,"5,000","14,419","29,600","29,600","29,100","29,400","29,450",422,"23,375","4,815","4,671","14,948",11.09,"4,415","5,142","3,894","3,243",20,-0.01,-135,-296,0,108.20,-23.58,-19.14,-3.35,5.55,44.3
376,HSD엔진,"9,420",20,-0.21%,"1,000","412,546","9,400","9,720","9,370","9,420","9,440","3,922","1,383,967","47,318","19,502","46,721",5.23,"4,406","8,300","7,233","5,292",200,23.09,60,-622,0,191.68,-15.16,3.16,0.78,1.96,440.2
377,동일산업,"180,000",500,+0.28%,"5,000",698,"183,000","183,000","178,500","179,500","180,000",125,706,561,628,"2,425",3.49,"4,365","3,333","4,175",570,20,-6.04,80,"14,505","1,800",302.56,12.41,2.24,1.95,1.00,"2,996.6"
378,KINDEX 단기통안채,"100,290",0,0.00%,0,543,"100,290","100,295","100,280","100,280","100,290",54,"235,919","23,951","17,543","4,341",0.00,"4,354",N/A,N/A,N/A,N/A,N/A,N/A,N/A,N/A,N/A,N/A,N/A,N/A,N/A,N/A
379,TIGER KRX2차전지K-뉴딜,"13,905",410,-2.86%,0,"422,494","14,235","14,235","13,900","13,955","13,960","5,915","502,893","86,988","92,543","31,300",1.04,"4,354",N/A,N/A,N/A,N/A,N/A,N/A,N/A,N/A,N/A,N/A,N/A,N/A,N/A,N/A
380,KODEX K-메타버스액티브,"10,415",185,-1.75%,0,"1,084,230","10,570","10,570","10,395","10,430","10,440","11,356","947,742","110,869","136,310","41,600",0.34,"4,333",N/A,N/A,N/A,N/A,N/A,N/A,N/A,N/A,N/A,N/A,N/A,N/A,N/A,N/A
381,삼성 코스피 양매도 5% OTM ETN,"8,660",0,0.00%,0,0,"8,660","8,660","8,660","8,635","8,640",0,0,"30,000","30,000","50,000",0.00,"4,330",N/A,N/A,N/A,N/A,N/A,N/A,N/A,N/A,N/A,N/A,N/A,N/A,N/A,N/A
382,한라홀딩스,"41,250",200,-0.48%,"5,000","14,155","41,350","41,450","40,950","41,150","41,200",581,"31,640","3,501","2,657","10,472",12.06,"4,320","42,574","50,849","23,579",131,-13.66,"-2,615","-35,603","2,250",-85.40,-3.03,-8.48,-4.96,0.22,"9,262.0"
383,KODEX 미국FANG플러스(H),"24,235",750,-3.00%,0,"68,293","24,660","24,660","23,980","24,215","24,225","1,656","67,779","2,905","71,555","17,800",0.18,"4,320","7,358","19,615","10,746",907,-7.84,441,"12,452","2,000",20.33,3.31,4.97,2.37,0.41,"1,687.7"
384,세아홀딩스,"107,500",500,-0.46%,"5,000",384,"108,000","113,000","105,500","107,500","108,000",41,438,309,256,"4,000",0.71,"4,314",N/A,N/A,N/A,N/A,N/A,N/A,N/A,N/A,N/A,N/A,N/A,N/A,N/A,N/A
385,KEC,"2,965",80,-2.63%,500,"1,324,915","3,030","3,035","2,960","2,970","2,975","3,954","2,369,924","319,026","86,616","144,748",2.68,"4,292","2,010","3,683","1,996",-23,-0.34,-449,-126,0,66.39,-23.53,-24.43,-12.77,1.79,77.2
386,세진중공업,"7,540",270,+3.71%,500,"575,471","7,220","7,550","7,150","7,490","7,510",117,"47,872","16,826","43,975","92,834",3.62,"4,284",N/A,N/A,N/A,N/A,N/A,N/A,N/A,N/A,N/A,N/A,N/A,N/A,N/A,N/A
387,맵스리얼티1,"4,615",5,+0.11%,0,"25,423","4,610","4,620","4,595","4,605","4,615","4,300","476,391","11,387","95,480","56,849",2.08,"4,281","2,856","4,481","2,870",12,-3.48,33,468,150,-87.35,16.09,1.19,0.70,0.27,"6,556.9"
388,삼천리,"105,500",0,0.00%,"5,000","3,130","104,000","106,000","104,000","105,000","106,000",329,"11,478","5,740","3,055","4,055",20.09,"4,278","32,138","38,599","24,691",958,-7.16,273,"19,047","3,000",11.94,5.54,2.49,0.77,2.32,408.0
389,아주스틸,"16,100",250,-1.53%,500,"94,487","16,350","16,750","16,100","16,200","16,250","1,548","93,569","18,126","12,804","26,452",21.07,"4,272","5,698","4,054","2,779",284,12.52,117,625,0,15.46,25.84,10.65,3.37,1.80,"1,081.8"
390,코오롱플라스틱,"11,200",50,+0.45%,"1,000","617,954","11,100","11,500","10,950","11,150","11,200","6,964","742,611","108,044","97,451","38,000",2.17,"4,245","3,199","4,073",595,561,20.57,426,"2,099",220,14.43,9.70,13.39,11.44,1.15,"3,235.4"
391,케이씨텍,"20,350",400,-1.93%,500,"17,018","20,600","20,700","20,250","20,300","20,350",351,"25,791","7,762","2,857","20,862",10.24,"4,237","2,952","3,179","1,197",39,-10.63,30,713,0,-62.59,15.64,1.51,0.91,1.93,421.6
392,스틱인베스트먼트,"10,150",150,-1.46%,500,"145,139","10,300","10,400","10,150","10,150","10,200","1,490","280,475","90,879","88,079","41,678",6.63,"4,230","1,741","2,495",690,307,5.85,200,992,90,82.31,10.23,11.76,8.49,1.83,807.5
393,현대퓨처넷,"3,745",65,-1.71%,500,"97,155","3,810","3,815","3,740","3,755","3,760",366,"104,251","17,172","4,622","112,877",13.07,"4,227","3,080","9,946","2,087",219,5.17,-404,673,80,-46.39,5.56,-4.11,-4.47,0.51,"1,203.9"
394,대성에너지,"15,300","1,200",-7.27%,"1,000","3,734,397","16,300","17,050","15,250","15,550","15,600","60,513","4,286,777","108,213","84,932","27,500",1.11,"4,208","7,432","7,021","3,877",263,-4.09,123,103,10,-42.77,8.65,1.99,0.24,0.62,152.8
395,SK증권,890,8,-0.89%,500,"651,803",899,900,888,891,892,581,"1,141,044","104,665","70,742","472,590",6.05,"4,206","10,235","53,594","47,788",123,86.02,141,535,250,8.21,28.60,4.55,2.02,1.33,"1,049.4"
396,지역난방공사,"36,100",300,-0.82%,"5,000","3,096","36,000","36,600","36,000","36,050","36,100",111,"4,248",785,"1,091","11,579",0.86,"4,180","20,989","60,731","42,694","1,329",-11.36,279,"3,769",965,214.72,9.58,1.68,0.47,0.23,"2,588.4"
397,TIGER Fn메타버스,"10,475",220,-2.06%,0,"1,170,915","10,635","10,635","10,455","10,495","10,500","12,323","1,299,650","202,035","217,110","39,900",0.11,"4,180",N/A,N/A,N/A,N/A,N/A,N/A,N/A,N/A,N/A,N/A,N/A,N/A,N/A,N/A
398,아세아제지,"46,500",500,-1.06%,"5,000","13,734","46,750","46,900","46,050","46,450","46,500","12,652","1,780,396","106,358","103,294","32,600",0.99,"4,173","3,293","1,636",804,190,13.73,135,224,208,-9.54,57.14,16.20,6.27,0.59,"1,313.9"
399,KG케미칼,"30,000",0,0.00%,"5,000","133,804","30,000","30,750","29,700","30,150","30,200",637,"29,002","4,392","1,635","8,957",5.09,"4,165","7,316","8,823","2,488",657,4.87,542,"10,279",700,-7.61,4.52,8.90,3.65,0.86,528.0
400,한전산업,"12,750",300,-2.30%,500,"973,680","13,300","13,350","12,550","12,850","12,900","4,068","101,926","9,245","9,040","13,866",2.74,"4,160","36,864","43,235","28,159","2,430",78.22,"1,547","6,798",400,105.94,4.41,11.94,8.16,4.50,410.9
N,종목명,현재가,전일비,등락률,액면가,거래량,시가,고가,저가,매수호가,매도호가,거래대금,전일거래량,매수총잔량,매도총잔량,상장주식수,외국인비율,시가총액,매출액,자산총계,부채총계,영업이익,매출액증가율,당기순이익,주당순이익,보통주배당금,영업이익증가율,PER,ROE,ROA,PBR,유보율
401,신한알파리츠,"7,940",0,0.00%,"1,000","37,287","7,960","7,970","7,920","7,930","7,940",296,"187,390","25,920","120,941","52,330",1.51,"4,151","29,502","17,686","18,568","-4,494",-18.59,"-5,043","-2,932",N/A,-59.41,-0.94,-320.22,-26.63,-8.25,-112.0
402,쌍용차,"2,770",0,0.00%,"5,000",0,0,0,0,0,0,0,0,0,0,"149,840",76.58,"4,150",418,"19,055","15,617",221,58.76,29,136,177,65.34,58.31,0.59,0.18,1.64,406.0
403,퍼시스,"36,000",100,-0.28%,"1,000",791,"36,500","36,500","35,950","36,000","36,050",28,"2,569",333,209,"11,500",20.49,"4,140","2,869","4,989",380,257,-5.87,340,"3,259","1,000",2.37,11.05,7.53,6.94,0.68,"3,579.4"
404,대신증권우,"15,750",0,0.00%,"5,000","31,184","15,750","15,800","15,550","15,650","15,700",489,"48,309","16,745","20,147","26,000",11.16,"4,095",N/A,N/A,N/A,N/A,N/A,N/A,"7,336",N/A,N/A,2.15,N/A,N/A,0.41,N/A
405,스카이라이프,"8,470",130,-1.51%,"2,500","21,469","8,600","8,600","8,420","8,470","8,490",182,"49,887","14,066","1,910","47,822",14.33,"4,055","6,987","9,195","1,750",738,0.59,582,"1,115",350,6.47,7.61,7.97,6.58,0.52,526.1
406,금호건설,"11,050",100,-0.90%,"5,000","40,383","11,150","11,200","10,950","11,000","11,050",445,"186,937","18,834","20,257","36,634",6.80,"4,048","18,296","13,772","9,870",812,14.51,264,"2,954",500,46.40,3.74,6.89,1.95,0.54,137.8
407,제일약품,"27,400",350,-1.26%,500,"9,996","27,500","27,750","27,250","27,400","27,450",273,"18,669","7,537","1,379","14,705",2.92,"4,029","6,913","4,097","2,372",129,N/A,70,-77,70,N/A,-355.84,N/A,N/A,2.27,"2,066.8"
408,대원제약,"18,800",600,-3.09%,500,"967,248","19,450","20,100","18,750","19,000","19,050","18,935","803,859","56,292","25,281","21,225",15.13,"3,990","3,085","3,352","1,224",241,-2.93,172,162,153,-31.36,116.36,8.42,5.19,1.81,"2,072.2"
409,LG헬로비전,"5,150",30,+0.59%,"2,500","394,150","5,080","5,340","5,070","5,170","5,180","2,044","222,838","35,192","16,728","77,447",4.33,"3,979","6,334","8,688","1,719",351,-11.92,-85,522,200,187.51,16.55,-1.19,-0.97,0.48,"1,430.1"
410,한국철강,"8,620",190,+2.25%,"1,000","215,620","8,420","8,670","8,400","8,650","8,670","1,848","118,688","13,988","61,371","46,050",10.70,"3,973","10,579","14,727","8,416",342,-4.88,"-3,128","-3,974",75,16.76,-1.29,-39.53,-19.17,0.62,226.0
411,알루코,"4,420",85,+1.96%,500,"18,172,086","4,405","4,640","4,400","4,455","4,460","82,374","10,921,787","282,974","207,382","89,791",1.13,"3,969","4,953","7,014","4,395",248,9.00,-319,-184,0,102.40,-23.99,-7.24,-4.33,1.67,388.1
412,경방,"14,450",250,-1.70%,500,"3,772","14,700","14,700","14,450","14,450","14,550",54,"9,545","3,977","6,704","27,415",1.97,"3,962","3,834","12,708","5,187",538,16.44,223,813,125,146.17,17.77,2.98,10.96,0.58,"8,250.3"
413,태영건설,"10,150",150,-1.46%,500,"33,016","10,400","10,400","10,150","10,150","10,200",337,"294,154","25,659","10,451","38,899",7.99,"3,948","22,815","37,983","31,515","2,509",-23.11,"5,325",-61,325,-9.20,-166.39,61.96,1.76,0.48,"5,624.3"
414,코스모화학,"14,100",300,-2.08%,"1,000","129,301","14,250","14,300","14,050","14,150","14,200","1,830","274,639","75,392","39,203","27,860",0.78,"3,928","3,555","6,685","4,185",50,-12.62,-156,-214,0,195.75,-65.89,-19.42,-2.64,2.52,-25.1
415,KBSTAR KIS종합채권(A-이상)액티브,"98,280",75,+0.08%,0,"17,004","98,125","98,350","98,125","98,255","98,275","1,670","28,226","15,300","10,000","3,963",0.00,"3,895",N/A,N/A,N/A,N/A,N/A,N/A,N/A,N/A,N/A,N/A,N/A,N/A,N/A,N/A
416,와이투솔루션,"2,440",0,0.00%,500,0,0,0,0,0,0,0,0,0,0,"159,236",1.06,"3,885","1,074","1,132",813,-42,-0.83,-430,55,0,18.48,44.36,-64.02,-27.96,3.85,17.3
417,자화전자,"21,650",450,-2.04%,500,"61,187","21,950","21,950","21,550","21,700","21,750","1,327","119,135","45,640","13,945","17,900",7.51,"3,884","3,007","3,560",835,-193,-17.17,-63,"1,125",0,-110.89,19.29,-2.30,-1.80,1.23,"3,042.0"
418,광동제약,"7,380",20,+0.27%,"1,000","351,292","7,340","7,600","7,290","7,400","7,410","2,618","111,984","26,926","10,139","52,421",19.62,"3,869","12,438","8,306","3,285",466,0.45,456,203,100,11.45,36.31,10.08,5.62,0.62,890.9
419,롯데푸드,"319,000","5,500",-1.69%,"5,000",377,"321,000","323,500","319,000","319,500","321,000",120,"1,529",525,40,"1,209",11.56,"3,857","17,188","12,865","5,253",444,N/A,702,"24,654","12,000",N/A,12.94,N/A,N/A,0.39,"18,403.8"
420,일진다이아,"27,150",150,+0.56%,"1,000","27,641","26,750","27,350","26,550","27,150","27,200",743,"50,649","4,768","2,698","14,203",2.35,"3,849","1,687","2,477",592,91,2.56,73,481,300,-34.21,56.34,2.88,2.92,0.94,"1,322.7"
421,교촌에프앤비,"15,400",100,-0.65%,500,"19,135","15,500","15,500","15,350","15,400","15,450",294,"76,893","15,552","11,077","24,983",0.34,"3,838",212,"7,012","4,492",163,0.22,72,239,179,0.27,25.36,2.85,-18.22,6.55,108.9
422,이리츠코크렙,"6,060",10,-0.16%,500,"59,928","6,070","6,090","6,020","6,060","6,070",363,"99,887","15,797","66,965","63,342",0.46,"3,835","4,476","2,295",760,410,17.77,238,"1,107",200,4.26,13.87,20.40,1.02,1.57,695.5
423,티웨이항공,"3,470",50,-1.42%,500,"313,213","3,485","3,540","3,470","3,480","3,485","1,094","500,051","36,418","27,315","110,330",0.31,"3,828","2,692","7,058","5,888","-1,743",-66.78,"-1,379","-1,271",0,-805.85,-2.73,-90.15,12.30,2.21,"1,159.6"
424,신대양제지,"94,800",800,-0.84%,"5,000","1,048","95,600","97,000","94,400","94,800","95,000",99,"4,256",245,364,"4,030",10.09,"3,820","6,092","8,091","2,096",646,-5.82,457,"12,387",625,-31.77,7.65,9.72,5.79,0.69,"2,213.9"
425,한국금융지주우,"64,700",400,-0.61%,"5,000","1,981","65,000","65,000","64,400","64,500","64,700",128,"5,048","2,330","1,315","5,858",15.43,"3,790",N/A,N/A,N/A,N/A,N/A,N/A,"29,221",N/A,N/A,2.21,N/A,N/A,0.53,N/A
426,한국콜마홀딩스,"20,250",300,-1.46%,500,"14,381","20,850","20,850","20,200","20,250","20,300",292,"24,356","7,881","4,617","18,577",14.87,"3,752","6,755","12,185","4,309","1,575",35.22,"1,551","4,462",205,92.35,4.53,21.96,13.43,0.63,"6,240.2"
427,신성이엔지,"1,815",10,+0.55%,500,"778,065","1,810","1,850","1,790","1,815","1,820","1,414","1,203,831","164,069","158,412","205,848",4.11,"3,746","4,824","4,234","2,320",185,19.76,-137,-164,0,156.22,-11.10,-8.77,-3.27,1.83,105.4
428,KODEX 코스피,"27,770",370,-1.31%,0,"114,259","28,080","28,080","27,665","27,785","27,800","3,177","48,242","30,249","17,377","13,400",0.10,"3,721",N/A,N/A,N/A,N/A,N/A,N/A,N/A,N/A,N/A,N/A,N/A,N/A,N/A,N/A
429,테이팩스,"78,700","1,300",-1.62%,500,"7,950","80,000","80,000","78,500","78,800","78,900",627,"9,741","2,780","1,464","4,718",1.47,"3,713","1,188","1,626",482,138,5.48,138,"3,665",500,67.22,21.47,12.86,8.99,2.92,"2,930.9"
430,코오롱,"29,350",350,-1.18%,"5,000","21,756","29,700","29,800","29,200","29,300","29,400",640,"17,931","4,069",977,"12,626",10.90,"3,700","48,902","37,081","28,491","2,714",14.14,"1,666","13,418",500,101.97,2.18,22.75,4.55,0.45,"1,052.0"
431,삼부토건,"2,430",5,+0.21%,"1,000","16,978,530","2,435","2,590","2,410","2,440","2,445","42,463","58,264,265","356,538","211,865","150,356",3.90,"3,654","3,794","4,888","3,077",-78,67.65,-211,-95,0,-258.34,-25.63,-8.73,-4.65,1.40,54.0
432,KINDEX 미국나스닥100,"12,950",240,-1.82%,0,"182,362","13,090","13,100","12,815","12,935","12,940","2,361","186,878","50,649","35,878","28,200",0.07,"3,652",N/A,N/A,N/A,N/A,N/A,N/A,N/A,N/A,N/A,N/A,N/A,N/A,N/A,N/A
433,한일홀딩스,"12,550",300,-2.33%,"1,000","18,283","12,750","12,750","12,500","12,550","12,600",229,"28,750","13,274","9,640","28,816",3.00,"3,603","2,721","4,338",911,232,-11.42,287,713,180,142.43,18.09,9.04,7.09,1.05,"1,064.4"
434,동화약품,"12,900",0,0.00%,"1,000","98,501","12,850","13,000","12,750","12,950","13,000","1,267","208,456","74,952","46,259","27,931",3.57,"3,602","15,334","33,201","14,967","1,571",-7.17,"1,085","2,127",477,87.82,5.88,4.21,3.28,0.28,"7,586.3"
435,이수화학,"12,850",250,-1.91%,"5,000","156,666","13,050","13,300","12,750","12,850","12,900","2,019","135,307","86,853","33,304","27,960",2.16,"3,593","13,190","9,756","6,797",-327,-13.01,"-1,399","-1,780",300,-446.25,-7.22,-31.08,-13.69,1.25,89.5
436,자이에스앤디,"9,200",50,-0.54%,"1,000","15,440","9,200","9,230","9,170","9,190","9,200",141,"38,276","12,953","7,475","38,783",0.37,"3,572","3,562","4,133","2,507",273,28.16,209,"1,093",138,65.98,8.43,13.59,6.05,1.20,506.9
437,금호에이치티,"1,810",15,+0.84%,500,"545,284","1,795","1,825","1,770","1,805","1,810",981,"1,448,298","231,902","148,156","196,567",1.73,"3,558","2,196","3,443","1,212",-47,-12.53,-98,-1,0,-216.06,"-1,810.00",-4.85,-2.95,0.98,275.1
438,KODEX 코스닥150선물인버스,"4,655",110,+2.42%,0,"26,084,720","4,575","4,660","4,570","4,650","4,655","120,690","27,093,584","2,788,748","3,043,773","76,000",5.37,"3,542",N/A,N/A,N/A,N/A,N/A,N/A,N/A,N/A,N/A,N/A,N/A,N/A,N/A,N/A
439,KODEX 선진국MSCI World,"20,055",370,-1.81%,0,"41,250","20,375","20,375","19,895","20,060","20,065",836,"109,198","6,215","19,122","17,600",0.00,"3,529",N/A,N/A,N/A,N/A,N/A,N/A,N/A,N/A,N/A,N/A,N/A,N/A,N/A,N/A
440,현대차증권,"11,100",200,-1.77%,"5,000","57,048","11,300","11,300","11,000","11,100","11,150",634,"69,579","41,317","28,880","31,713",3.80,"3,520","8,400","91,679","81,021","1,174",17.29,843,"2,400",675,19.28,4.62,8.20,1.04,0.37,450.0
441,한화3우B,"15,650",50,-0.32%,"5,000","21,593","15,700","15,750","15,500","15,600","15,700",336,"48,728","11,431","17,263","22,472",11.74,"3,517",N/A,N/A,N/A,N/A,N/A,N/A,"5,912",N/A,N/A,2.65,N/A,10.87,1.33,"1,613.5"
442,삼진제약,"25,300",150,-0.59%,"1,000","10,238","25,450","25,450","25,200","25,250","25,300",258,"36,072","8,721","14,771","13,900",8.22,"3,517","2,352","2,690",556,322,-2.80,279,"2,642",800,-28.19,9.58,13.57,N/A,0.30,N/A
443,STX엔진,"15,150",150,+1.00%,"2,500","1,168,730","15,300","16,100","14,600","14,900","15,000","17,867","732,338","53,659","24,034","23,009",0.00,"3,487","4,028","5,044","3,537",79,59.18,23,"1,928",450,-28.41,13.56,1.54,0.66,1.82,"12,030.7"
444,제이에스코퍼레이션,"26,100","1,050",-3.87%,100,"151,811","27,100","27,700","26,050","26,300","26,350","4,056","275,462","18,728","6,275","13,336",2.54,"3,486","5,867","8,093","5,428",143,-3.92,206,633,N/A,-52.25,23.85,8.19,2.52,1.59,108.5
445,종근당홀딩스,"69,200",500,-0.72%,"2,500","3,405","70,000","70,000","68,900","69,100","69,300",236,"4,275","2,267",241,"5,010",6.84,"3,462","8,581","12,585","4,182",893,19.08,"1,136","9,231","1,400",3.60,7.49,15.59,9.74,0.63,"4,231.0"
446,디앤디플랫폼리츠,"5,340",0,0.00%,"1,000","42,535","5,350","5,350","5,330","5,330","5,340",624,"1,535,511","282,254","308,482","238,684",5.84,"3,437","6,031","9,968","2,172",-153,11.88,-289,-56,40,24.05,-25.80,-2.92,-2.87,0.36,707.7
447,동양,"1,440",5,-0.35%,500,"430,992","1,455","1,460","1,440","1,445","1,450",227,"155,862","61,019","141,337","64,400",0.21,"3,433",168,"7,622","4,332",51,N/A,25,57,81,N/A,93.51,N/A,N/A,1.10,391.0
448,하나제약,"19,200",50,+0.26%,500,"7,018","19,250","19,250","19,050","19,150","19,200",134,"19,877","6,250","5,068","17,773",0.93,"3,412","1,773","2,766",442,317,6.59,149,942,465,-5.64,20.38,6.58,5.52,1.36,"2,823.1"
449,농심홀딩스,"73,200",800,-1.08%,"5,000","1,216","73,800","73,800","73,000","73,500","73,700",89,"2,454",992,"4,919","4,638",2.03,"3,395","5,836","12,481","2,746",740,8.74,685,"11,104","2,000",79.37,6.59,7.23,5.56,0.33,"4,134.9"
450,성신양회,"13,800",200,+1.47%,"5,000","441,785","13,500","14,100","13,300","13,750","13,800","5,780","483,545","184,788","131,342","29,300",0.14,"3,390",N/A,N/A,N/A,N/A,N/A,N/A,N/A,N/A,N/A,N/A,N/A,N/A,N/A,N/A
N,종목명,현재가,전일비,등락률,액면가,거래량,시가,고가,저가,매수호가,매도호가,거래대금,전일거래량,매수총잔량,매도총잔량,상장주식수,외국인비율,시가총액,매출액,자산총계,부채총계,영업이익,매출액증가율,당기순이익,주당순이익,보통주배당금,영업이익증가율,PER,ROE,ROA,PBR,유보율
451,NPC,"9,220",70,+0.77%,500,"2,147,327","9,170","9,480","9,090","9,280","9,290","20,010","5,914,012","63,552","16,849","36,720",1.45,"3,389","4,313","4,106","1,152",207,-5.09,189,589,100,4.28,15.67,6.53,4.63,1.23,"1,284.4"
452,조광피혁,"50,800",400,-0.78%,"5,000",175,"50,600","51,400","50,300","50,500","50,700",8,362,426,87,"6,649",0.35,"3,378",973,"3,432",283,151,-10.09,197,"1,962",300,-4.61,25.89,6.66,0.96,0.87,200.9
453,성신양회,"13,750",150,+1.10%,"5,000","443,132","13,500","14,100","13,300","13,750","13,800","6,099","738,460","54,279","34,194","24,516",7.14,"3,371","7,223","10,903","6,828",212,2.10,101,255,150,2.08,53.92,2.53,6.15,0.51,710.6
454,웅진씽크빅,"2,910",25,-0.85%,500,"142,711","2,940","2,945","2,905","2,910","2,915",417,"682,382","40,541","25,864","115,506",4.18,"3,355","6,461","6,661","2,914",140,-0.94,4,298,110,-35.38,9.75,0.23,0.02,0.91,623.0
455,아이마켓코리아,"9,980",70,-0.70%,500,"45,492","10,000","10,050","9,950","9,950","9,960",456,"68,768","12,931","28,452","33,429",7.60,"3,336","28,394","11,108","6,939",405,-2.89,288,867,600,-22.14,11.51,5.87,2.61,0.87,"2,155.6"
456,엘브이엠씨홀딩스,"3,340",85,+2.61%,0,"258,270","3,310","3,375","3,255","3,340","3,345",859,"179,365","21,964","56,337","99,455",16.56,"3,317","2,742","6,477","2,890",7,-24.62,-246,-301,0,-77.47,-11.08,-7.20,-3.70,0.78,"1,477.2"
457,한국쉘석유,"255,000","1,000",-0.39%,"5,000",815,"255,500","257,000","253,500","255,500","256,000",207,"1,139","1,237",684,"1,300",63.20,"3,315","2,003","1,486",505,310,-5.43,210,"19,124","14,000",20.69,13.33,21.44,14.50,3.21,"1,301.7"
458,두산우,"82,800",100,+0.12%,"5,000","2,578","82,000","83,400","81,200","82,900","83,000",212,"19,114",284,857,"3,996",13.53,"3,309",N/A,N/A,N/A,N/A,N/A,N/A,"-1,736",N/A,N/A,-47.70,N/A,N/A,0.74,N/A
459,삼양패키징,"23,250",100,-0.43%,"5,000","10,015","23,350","23,350","23,000","23,000","23,150",232,"16,824","5,062","3,909","14,210",7.41,"3,289","39,276","37,314","24,880",395,-14.77,563,"22,354","2,200",-62.82,2.15,5.19,1.54,0.21,"3,562.2"
460,E1,"47,950",50,+0.10%,"5,000","7,334","47,900","47,950","47,100","47,850","47,900",348,"16,219",481,979,"6,860",3.30,"3,287","22,000","20,703","14,643","1,748",-3.33,954,"12,686",600,28.62,2.90,18.69,4.68,0.51,"1,132.0"
461,계룡건설,"36,800",600,+1.66%,"5,000","71,752","36,300","37,200","36,050","36,900","36,950","2,642","97,023","2,114","13,504","8,931",21.57,"3,276","15,271","28,875","13,599","1,470",-0.99,829,"41,643","2,000",-7.25,3.59,5.30,2.87,0.31,"11,900.9"
462,아세아,"150,000","2,500",-1.64%,"5,000","2,620","151,000","153,500","149,000","149,500","150,500",395,"3,897",865,779,"2,191",4.74,"3,275","3,676","5,645","2,568",523,-2.10,323,"2,270","1,000",25.69,10.15,10.88,5.72,1.00,333.1
463,이월드,"2,280",55,-2.36%,"1,000","281,554","2,320","2,345","2,280","2,290","2,295",649,"416,202","64,350","25,294","141,806",0.55,"3,247","1,315","4,479",852,-141,-28.23,-154,-45,0,-180.81,-50.89,-4.11,-3.32,1.34,42.4
464,유진투자증권,"3,330",45,-1.33%,"5,000","140,509","3,385","3,385","3,315","3,320","3,325",469,"176,840","21,840","22,074","96,866",7.57,"3,226","14,706","100,769","92,117","1,013",50.57,754,951,120,73.99,3.50,9.11,5.54,0.46,"1,775.1"
465,대상홀딩스,"8,900",270,-2.94%,"1,000","62,981","9,160","9,170","8,890","8,900","8,920",565,"88,020","17,208","1,659","36,213",4.42,"3,223","37,543","30,602","17,342","2,070",5.68,"1,648","1,407",220,33.15,6.33,14.21,0.85,0.33,62.0
466,신도리코,"31,950",50,-0.16%,"5,000","4,271","32,000","32,000","31,900","31,950","32,000",136,"6,363","9,974","2,101","10,080",15.70,"3,221","3,358","9,162",677,-146,-21.36,-134,"8,471",0,-332.96,3.77,-1.56,-1.44,0.32,"1,606.3"
467,진흥기업,"2,205",10,-0.45%,500,"696,932","2,205","2,250","2,195","2,200","2,205","1,545","1,652,877","122,863","98,075","145,472",1.53,"3,208","3,772","2,829","1,641",147,-30.98,204,356,N/A,-47.64,6.19,18.86,6.70,2.03,52.7
468,미원홀딩스,"138,000","1,500",-1.08%,500,411,"139,500","139,500","137,000","137,000","137,500",56,"2,660","1,106",646,"2,320",0.80,"3,202","2,890","3,313","1,330",218,53.40,237,"13,142",500,180.77,10.50,11.35,7.32,1.61,"12,312.5"
469,삼아알미늄,"29,000","1,250",+4.50%,500,"1,455,822","28,500","30,600","28,350","29,000","29,050","43,151","251,337","12,753","24,191","11,000",33.08,"3,190","1,970","2,075",971,74,3.08,35,926,100,14.59,31.32,3.20,7.31,0.84,"3,034.0"
470,환인제약,"17,150",250,-1.44%,500,"37,956","17,450","17,500","17,100","17,150","17,200",655,"561,952","22,593","8,879","18,600",14.36,"3,190","1,717","3,296",330,284,7.87,232,"1,476",300,8.61,11.62,8.21,1.69,2.68,"1,907.2"
471,신세계푸드,"82,200","1,100",-1.32%,"5,000","2,452","83,800","83,800","81,100","82,300","82,400",202,"4,501",994,251,"3,872",4.74,"3,183","12,403","8,872","6,039",77,-6.05,-220,"-1,836",750,-65.07,-44.77,-7.35,-2.71,1.08,"1,382.0"
472,조선내화,"78,700",100,-0.13%,"5,000",199,"78,800","78,900","78,500","78,700","78,800",15,791,644,415,"4,000",2.79,"3,148","7,052","12,463","5,136",229,-6.86,397,"4,713","4,200",7.47,16.72,5.55,3.43,0.37,"3,088.4"
473,동부건설,"13,750",50,-0.36%,"5,000","43,626","13,850","13,850","13,550","13,750","13,800",597,"62,872","22,963","20,627","22,873",1.63,"3,136",578,693,331,-10,-23.69,23,87,0,-120.63,32.82,8.32,3.90,5.01,-25.5
474,인스코비,"2,860",55,+1.96%,500,"571,096","2,800","2,940","2,760","2,890","2,895","1,627","354,079","19,333","65,899","109,848",5.06,"3,134","12,146","9,542","4,944",521,5.13,443,"4,610",900,-6.02,2.97,10.10,4.80,0.58,478.7
475,KTB투자증권,"5,190",10,-0.19%,"5,000","178,195","5,200","5,240","5,160","5,190","5,200",927,"319,213","21,812","17,664","60,314",11.25,"3,130","5,311","43,563","37,669",665,39.33,760,"2,326",150,77.14,2.23,13.04,2.08,0.43,67.5
476,KODEX 미국나스닥100TR,"11,095",200,-1.77%,0,"462,394","11,200","11,215","10,975","11,095","11,100","5,126","244,918","129,790","311,757","28,000",0.10,"3,109",533,"6,153",170,-26,4.75,189,14,N/A,-32.93,55.71,2.99,3.86,0.61,149.3
477,에이프로젠제약,779,8,-1.02%,500,"268,055",782,793,779,781,782,209,"385,450","49,262","21,085","398,576",3.78,"3,107",N/A,N/A,N/A,N/A,N/A,N/A,N/A,N/A,N/A,N/A,N/A,N/A,N/A,N/A
478,하이트진로홀딩스,"13,350",100,-0.74%,"5,000","9,150","13,450","13,550","13,200","13,300","13,400",121,"10,525","7,159","3,457","23,207",6.96,"3,098","22,470","39,050","28,446","2,105",10.89,"1,077","1,985",400,108.53,6.73,13.89,N/A,N/A,N/A
479,TIGER 차이나항셍테크,"6,390",215,-3.26%,0,"749,201","6,555","6,555","6,370","6,395","6,400","4,803","1,584,388","86,288","28,594","48,350",0.00,"3,090",N/A,N/A,N/A,N/A,N/A,N/A,N/A,N/A,N/A,N/A,N/A,2.78,0.56,970.0
480,CJ4우(전환),"72,900","1,800",-2.41%,"5,000","2,100","74,100","74,100","72,900","73,100","73,300",154,"3,732",502,559,"4,227",4.00,"3,081",N/A,N/A,N/A,N/A,N/A,N/A,"1,154",N/A,N/A,63.17,N/A,N/A,0.47,N/A
481,SOL 200TR,"12,485",195,-1.54%,0,"21,473","12,625","12,630","12,450","12,480","12,485",269,"42,183","47,920","50,230","24,600",0.21,"3,071",N/A,N/A,N/A,N/A,N/A,N/A,N/A,N/A,N/A,N/A,N/A,N/A,N/A,N/A
482,무학,"10,750",350,-3.15%,200,"386,128","10,950","11,350","10,750","10,800","10,850","1,371","12,125","1,915","1,640","1,720",1.41,"3,070","4,803","2,837",723,300,5.32,696,"20,559","2,500",62.27,8.68,33.89,24.27,0.90,"3,055.2"
483,세아제강,"108,000","4,000",+3.85%,"5,000","36,992","107,500","111,500","106,500","108,000","108,500","4,246","530,613","55,353","61,501","28,500",14.62,"3,064","1,394","5,988",740,20,-10.54,132,76,150,115.43,141.45,2.55,2.17,0.58,"9,399.6"
484,신세계 I&C,"178,000",0,0.00%,"5,000","7,587","179,000","180,000","176,500","178,500","179,000","4,023","11,935","7,411","7,844","2,836",8.12,"3,049","11,505","10,521","4,568",536,-6.25,331,"22,074","2,500",16.67,4.87,5.67,3.18,0.46,"4,115.0"
485,대교,"3,595",55,-1.51%,500,"38,695","3,645","3,645","3,585","3,595","3,600",139,"218,626","17,411","21,126","84,703",3.38,"3,045","6,270","8,452","2,863",-280,-17.71,-182,-27,100,-195.34,-133.15,-3.02,-2.06,0.54,"1,189.0"
486,풍산홀딩스,"29,200",100,+0.34%,"5,000","18,851","29,150","29,300","28,950","29,000","29,050",550,"25,004","5,407","7,516","10,410",10.06,"3,040","2,659","9,753","2,474",94,0.58,131,"14,530",826,-12.80,2.01,1.92,N/A,N/A,N/A
487,유니퀘스트,"11,100",200,-1.77%,500,"65,888","11,250","11,300","11,050","11,100","11,150",734,"159,325","61,770","51,313","27,343",44.73,"3,030",N/A,N/A,N/A,N/A,N/A,N/A,N/A,N/A,N/A,N/A,N/A,1.37,0.33,"1,622.3"
488,KBSTAR Fn수소경제테마,"10,430",100,-0.95%,0,"63,803","10,505","10,505","10,390","10,445","10,450",666,"65,506","15,813","16,554","29,050",0.03,"3,023",N/A,N/A,N/A,N/A,N/A,N/A,N/A,N/A,N/A,N/A,N/A,N/A,N/A,N/A
489,TIGER 차이나과창판STAR50(합성),"9,245",0,0.00%,0,"67,408","9,255","9,370","9,165","9,225","9,250",625,"108,248","11,181","36,330","32,700",1.85,"3,021","4,028","3,800","1,433",90,20.15,205,"1,823",125,31.31,6.06,10.80,5.63,1.07,"1,636.2"
490,TIGER 단기채권액티브,"50,390",5,-0.01%,0,"1,202,914","50,395","50,395","50,385","50,385","50,390","60,613","627,905","27,948","20,622","5,954",3.31,"3,000",N/A,N/A,N/A,N/A,N/A,N/A,N/A,N/A,N/A,N/A,N/A,N/A,N/A,N/A
491,광주신세계,"187,000",500,-0.27%,"5,000",905,"186,000","188,000","186,000","187,000","187,500",628,"87,002","37,417","18,908","23,801",8.51,"2,999","15,099","17,396","11,048",946,-10.08,593,630,700,-1.46,20.00,9.67,3.40,0.47,404.3
492,한솔제지,"12,550",150,-1.18%,"5,000","49,875","12,600","12,700","12,450","12,500","12,550",169,"1,337","1,414",318,"1,600",12.41,"2,992","1,475","7,844",862,483,-4.76,432,"31,250","3,500",-12.33,5.98,6.35,5.62,0.41,"8,647.7"
493,KBSTAR ESG사회책임투자,"12,390",175,-1.39%,0,"6,996","12,530","12,530","12,320","12,380","12,405",86,"1,883","24,738","44,295","24,100",0.01,"2,986",N/A,N/A,N/A,N/A,N/A,533,"5,157",200,-193.96,5.80,45.58,19.95,2.02,"2,759.1"
494,삼성출판사,"29,850",0,0.00%,500,"40,449","29,900","30,300","29,500","30,000","30,050","1,211","476,505","6,881","7,270","10,000",0.49,"2,985","1,671","2,924","1,187",-45,-17.29,N/A,N/A,N/A,N/A,N/A,N/A,N/A,N/A,N/A
495,KISCO홀딩스,"16,150",400,-2.42%,"1,000","17,823","16,600","16,600","16,150","16,200","16,250",290,"17,547","6,531","1,929","18,476",10.74,"2,984","10,646","15,646","2,298",827,-10.01,365,"3,920",300,43.63,4.12,4.16,2.34,0.24,"3,556.9"
496,현대리바트,"14,500",100,+0.69%,"1,000","36,338","14,400","14,650","14,350","14,500","14,600",526,"43,378","13,725","33,163","20,535",4.45,"2,967","13,846","8,033","3,223",372,11.88,266,679,200,55.75,21.28,5.66,3.42,0.59,"2,258.5"
497,화승인더,"5,340",80,-1.48%,500,"41,120","5,370","5,430","5,320","5,330","5,340",220,"82,754","14,045","8,807","55,320",12.15,"2,954","12,988","14,335","8,062",824,-8.91,208,"50,729","2,000",-2.20,3.45,2.70,1.99,0.32,"8,955.2"
498,대한제분,"174,500","6,500",+3.87%,"5,000","18,770","170,500","175,500","170,500","174,000","174,500","3,252","3,473","2,578","3,531","1,690",8.61,"2,949","9,702","10,849","3,041",230,3.90,499,412,188,-27.45,12.96,10.94,3.69,0.77,"1,100.3"
499,모토닉,"8,920",100,-1.11%,500,"12,827","9,000","9,050","8,920","8,930","8,950",115,"23,184","9,601","4,256","33,000",10.97,"2,944","1,786","4,424",278,114,-14.01,149,506,400,17.19,17.63,3.61,3.36,0.47,"2,531.2"
500,조일알미늄,"2,360",25,+1.07%,500,"7,255,470","2,365","2,480","2,350","2,355","2,365","17,516","2,298,952","235,775","286,011","123,432",0.52,"2,913","3,329","2,749","1,630",-40,6.78,-88,71,0,66.91,33.24,-7.85,-3.13,2.00,166.7
N,종목명,현재가,전일비,등락률,액면가,거래량,시가,고가,저가,매수호가,매도호가,거래대금,전일거래량,매수총잔량,매도총잔량,상장주식수,외국인비율,시가총액,매출액,자산총계,부채총계,영업이익,매출액증가율,당기순이익,주당순이익,보통주배당금,영업이익증가율,PER,ROE,ROA,PBR,유보율
501,태림포장,"4,100",30,-0.73%,500,"94,215","4,105","4,140","4,095","4,105","4,110",387,"181,799","27,494","22,304","70,806",0.45,"2,903","5,620","5,668","2,424",95,-1.91,45,292,0,-54.20,14.04,0.97,2.09,1.88,"4,434.5"
502,한국석유,"22,800",900,-3.80%,500,"4,351,623","23,200","24,800","22,500","22,900","22,950","103,338","10,000,254","88,940","32,911","12,694",0.58,"2,894","4,840","3,165","1,725",174,-0.28,64,713,83,184.06,31.98,4.60,0.80,0.87,790.9
503,한독,"20,950",150,-0.71%,500,"12,124","21,100","21,450","20,750","20,950","21,000",255,"13,359","7,835","1,836","13,764",1.66,"2,883","5,036","8,189","4,371",284,6.47,-327,-174,0,54.70,-8.22,-15.79,-4.41,0.84,286.8
504,포스코강판,"48,050",250,+0.52%,"5,000","78,364","48,450","49,800","48,000","48,250","48,300","3,832","49,493","6,752","1,532","6,000",3.06,"2,883","9,073","4,854","2,581",169,-1.03,270,"1,090",300,3.31,19.22,7.47,3.44,0.73,"5,339.4"
505,KH 필룩스,"2,040",45,-2.16%,500,"234,786","2,085","2,090","2,035","2,050","2,055",482,"281,740","106,494","35,557","141,294",7.96,"2,875","1,188","3,831","1,131",1,-12.06,71,"14,812",500,69.62,3.24,2.88,1.44,0.93,646.2
506,에이프로젠 MED,"1,425",35,-2.40%,500,"802,091","1,450","1,460","1,425","1,430","1,435","1,157","1,266,724","479,427","181,080","201,718",0.97,"2,874","1,271","8,344","1,443",40,62.49,-471,-443,0,-98.03,-4.59,-17.37,-11.78,0.72,462.1
507,HANARO MSCI Korea TR,"14,710",255,-1.70%,0,50,"14,895","14,895","14,670","14,690","14,715",0,"1,004","20,071","20,020","19,500",0.00,"2,868",N/A,N/A,N/A,N/A,N/A,131,"1,701",300,-3.87,7.29,4.78,1.30,0.84,"2,291.2"
508,삼성제약,"4,265",60,-1.39%,500,"521,519","4,330","4,500","4,255","4,280","4,290","2,280","209,195","23,378","6,899","67,162",6.34,"2,864",483,"1,787",568,-100,8.31,N/A,N/A,N/A,N/A,N/A,N/A,N/A,N/A,N/A
509,KSS해운,"12,350",250,+2.07%,500,"296,201","12,100","12,450","12,000","12,250","12,300","3,630","120,738","33,668","100,059","23,186",6.11,"2,863","2,262","10,695","8,007",507,-2.19,-399,-736,0,-55.21,-5.79,-30.13,-22.97,2.04,182.2
510,SNT중공업,"8,600",30,+0.35%,"2,500","9,345","8,590","8,620","8,510","8,580","8,600",80,"29,112","3,222",828,"33,253",6.08,"2,860","3,360","8,796","2,267",206,11.33,590,"1,774",400,51.10,4.85,9.44,6.89,0.29,759.8
511,JW홀딩스,"4,030",0,0.00%,500,"80,251","4,030","4,060","4,010","4,045","4,050",323,"184,312","21,123","10,870","70,445",2.26,"2,839","7,819","11,187","7,838",345,7.64,53,326,85,"17,618.63",12.36,7.45,0.45,2.01,362.2
512,BYC,"454,500","4,500",-0.98%,"5,000",198,"460,000","460,000","450,000","454,500","457,500",90,237,72,112,625,1.90,"2,839","1,619","6,791","2,265",229,-5.12,183,"29,219","1,100",-1.94,15.55,4.12,2.66,0.81,"10,704.3"
513,남양유업,"392,000","4,500",-1.13%,"5,000",917,"397,000","399,000","392,000","393,000","395,000",360,990,348,146,720,13.30,"2,822","9,489","9,983","1,376",-771,-7.95,-535,"-67,673","1,000","-18,584.40",-5.80,-6.04,-5.21,0.41,"19,835.4"
514,신한서부티엔디리츠,"4,990",5,+0.10%,"1,000","61,465","4,990","4,990","4,975","4,985","4,990",306,"177,104","12,294","251,940","55,956",1.91,"2,792",96,"4,061","2,662",36,417.51,-3,N/A,0,"1,296.09",N/A,-0.25,-0.08,N/A,382.6
515,대동,"11,750",50,+0.43%,"1,000","276,868","11,650","12,000","11,550","11,750","11,800",672,"305,402","26,669","6,723","78,803",0.08,"2,786","3,349","12,284","7,352",-323,-16.87,-247,285,0,-51.04,12.40,-4.87,-2.05,0.48,44.2
516,LS네트웍스,"3,530",110,-3.02%,"5,000","186,754","3,610","3,700","3,525","3,550","3,570",15,"1,909","20,161","19,482","12,400",0.00,"2,779",N/A,N/A,N/A,N/A,N/A,N/A,N/A,N/A,N/A,N/A,N/A,N/A,N/A,N/A
517,KINDEX 200TR,"22,415",335,-1.47%,0,710,"22,660","22,660","22,360","22,400","22,405","3,271","418,344","62,186","82,000","23,728",2.15,"2,776","8,958","9,387","6,104",331,7.35,210,"1,342",80,37.58,8.72,7.74,3.57,1.19,249.1
518,HDC랩스,"10,700",0,0.00%,500,"19,033","10,700","10,750","10,450","10,650","10,700","9,313","1,948,325","180,662","64,865","110,179",3.96,"2,765","2,685","2,952","1,056",-15,-17.34,105,342,N/A,-113.09,7.34,5.72,2.38,0.67,893.1
519,남선알미늄,"2,510",45,+1.83%,500,"3,665,739","2,485","2,615","2,470","2,495","2,500",607,"38,528","10,378",583,"13,248",4.08,"2,762","26,200","41,521","29,086","-2,216",-30.31,"-2,658","-7,541",400,-268.69,-2.76,-20.57,-6.27,0.47,915.1
520,AK홀딩스,"20,850",650,-3.02%,"5,000","28,980","21,250","21,500","20,700","20,850","20,900","2,035","376,226","69,788","79,679","30,700",0.25,"2,761",N/A,N/A,N/A,N/A,N/A,N/A,N/A,N/A,N/A,N/A,N/A,N/A,N/A,N/A
521,TIGER KRX BBIG K-뉴딜,"8,995",235,-2.55%,0,"224,989","9,225","9,225","8,990","9,005","9,015",202,"18,960","22,341","18,591","25,958",4.45,"2,752","2,604","2,180",541,153,3.17,157,667,400,18.30,15.89,9.42,6.88,0.96,"2,012.4"
522,일신방직,"114,500","4,000",-3.38%,"5,000","8,050","118,500","118,500","113,500","114,500","115,000",933,"5,513","4,190","1,941","2,400",8.68,"2,748","4,649","9,642","2,346",135,-6.31,104,"21,554","1,500",-0.30,5.31,1.42,1.09,0.34,"5,931.7"
523,대한방직,"51,800",300,-0.58%,"1,000","1,042","52,100","52,500","51,200","51,900","52,200",54,"2,812",293,723,"5,300",0.75,"2,745","1,752","2,138",775,36,12.12,26,608,N/A,127.35,85.20,2.04,1.29,1.33,"2,468.3"
524,KBSTAR KIS단기종합채권(AA-이상)액티브,"100,635",5,0.00%,0,"428,210","100,640","100,650","100,625","100,625","100,635","43,094","625,734","15,381","16,616","2,717",0.00,"2,734",N/A,N/A,N/A,N/A,N/A,200,"3,334",500,-16.08,7.02,10.98,9.18,0.98,"3,284.8"
525,디씨엠,"23,350",0,0.00%,500,"22,248","23,300","23,450","23,100","23,350","23,400",518,"32,311","6,007","8,462","11,700",0.89,"2,732","1,654","2,279",389,147,13.80,N/A,N/A,N/A,N/A,N/A,N/A,N/A,N/A,N/A
526,TIGER 미국S&P500선물(H),"50,690",800,-1.55%,0,"81,083","51,340","51,340","50,290","50,700","50,710","4,115","435,532","46,859","62,795","5,375",0.00,"2,723",N/A,N/A,N/A,N/A,N/A,N/A,N/A,N/A,N/A,N/A,N/A,N/A,N/A,N/A
527,현대에너지솔루션,"24,300",50,+0.21%,"5,000","139,007","24,250","24,900","23,500","24,300","24,350","3,376","225,498","9,710","7,506","11,200",0.73,"2,716","3,944","4,582","1,295",88,-11.59,62,234,200,-60.20,103.63,1.93,1.33,0.85,479.0
528,무림P&P,"4,325",30,-0.69%,"2,500","61,751","4,420","4,420","4,325","4,330","4,335",269,"195,829","4,672","3,237","62,368",1.68,"2,697","5,279","14,304","8,290",63,-16.37,-76,41,125,-87.22,105.49,-1.43,-0.54,0.45,281.8
529,삼익THK,"12,700",100,-0.78%,500,"29,210","12,750","12,800","12,600","12,700","12,750",370,"35,814","16,108","14,509","21,000",34.60,"2,667","2,639","3,876","1,976",57,13.73,45,298,150,-23.03,42.62,2.36,1.14,1.37,"1,716.8"
530,서연,"11,350",600,-5.02%,500,"472,267","11,900","11,950","11,300","11,350","11,400","5,451","1,868,040","66,739","92,534","23,480",0.00,"2,665","22,373","21,510","13,244",530,1.57,-255,"1,706",50,59.66,6.65,-1.26,-1.17,0.52,"3,787.5"
531,삼성전기우,"91,500","1,200",-1.29%,"5,000","1,748","93,100","93,100","91,400","91,600","91,700",160,"3,668","2,538",489,"2,907",8.19,"2,660",N/A,N/A,N/A,N/A,N/A,N/A,"11,500",N/A,N/A,7.96,N/A,N/A,1.03,N/A
532,SNT홀딩스,"16,250",150,-0.91%,500,"3,334","16,300","16,350","16,000","16,200","16,250",54,"5,594","8,123","4,170","16,304",10.84,"2,649","14,041","23,723","5,922","1,256",-2.21,"1,518","4,736",700,-1.20,3.43,8.56,0.29,0.81,983.2
533,금강공업,"9,030",290,+3.32%,"1,000","817,863","8,750","9,410","8,620","9,000","9,010","7,432","653,363","14,450","3,966","29,329",2.05,"2,648","5,019","7,792","4,259",-15,-8.69,23,95,40,-155.62,95.05,-0.55,6.54,0.25,"11,463.3"
534,경인양행,"6,370",90,+1.43%,500,"119,421","6,280","6,420","6,270","6,380","6,390",759,"52,370","11,020","24,465","41,576",3.11,"2,648","3,293","5,051","2,767",34,-8.22,-76,285,50,-85.69,22.35,-4.18,-1.55,1.17,917.0
535,DB금융투자,"6,200",80,-1.27%,"5,000","94,057","6,280","6,310","6,170","6,210","6,220",588,"98,162","13,022","8,372","42,446",11.71,"2,632","15,903","99,596","90,375","1,366",60.32,"1,069","3,344",300,56.39,1.85,12.86,1.05,0.29,338.0
536,케이씨,"19,350",500,-2.52%,500,"12,527","19,800","20,000","19,350","19,400","19,450",244,"16,566","6,928",751,"13,554",7.64,"2,623","5,764","8,734","2,144",761,12.59,574,"2,866",300,16.50,6.75,9.19,7.39,0.40,"7,615.3"
537,아모레G3우(전환),"36,950",800,-2.12%,500,"1,870","37,750","38,350","36,800","36,850","37,000",69,"1,489","2,027",560,"7,092",5.77,"2,617",N/A,N/A,N/A,N/A,N/A,-33,"1,629",210,46.67,3.43,-1.30,-0.20,0.69,600.6
538,현대비앤지스틸,"17,350",50,+0.29%,"5,000","157,771","17,350","17,900","17,300","17,350","17,400","2,776","181,852","24,334","18,221","15,079",5.05,"2,616","6,802","6,485","2,200",334,-7.23,N/A,"1,781",N/A,N/A,20.72,N/A,N/A,0.98,N/A
539,AJ네트웍스,"5,580",200,-3.46%,"1,000","62,548","5,710","5,780","5,580","5,600","5,610",352,"214,715","29,007","4,429","46,822",5.20,"2,613","10,171","15,882","13,002",230,1.68,236,"4,224",100,-8.54,4.11,5.68,3.75,0.55,463.0
540,선진,"10,950",50,-0.45%,500,"96,461","10,900","11,350","10,850","10,900","10,950","1,069","69,947","40,785","36,905","23,780",14.46,"2,604","13,481","11,197","7,357","1,076",32.94,852,"2,767",100,168.09,3.96,24.25,8.10,0.63,"3,136.9"
541,KPX케미칼,"53,300",300,+0.57%,"5,000","1,207","53,000","53,400","52,500","52,700","53,300","10,403","861,646","347,042","234,647","151,621",5.03,"2,570","7,133","6,569","4,861",291,15.54,64,58,0,112.28,29.31,2.98,10.97,0.46,"2,077.3"
542,TYM,"1,695",65,+3.99%,500,"6,084,550","1,615","1,760","1,615","1,705","1,710",88,"21,143","5,218","2,093","33,720",1.93,"2,569","5,749","4,517","1,948",240,11.39,178,366,280,-11.30,20.82,7.00,1.00,1.09,131.4
543,도화엔지니어링,"7,620",80,-1.04%,500,"11,529","7,790","7,790","7,610","7,630","7,640",19,"1,253","1,476",933,"4,225",31.31,"2,564","9,532","16,987","3,619",791,-2.01,"1,941","33,378","3,100",24.83,1.82,20.00,4.15,1.01,"1,489.0"
544,KPX홀딩스,"60,700",400,-0.65%,"5,000",320,"61,100","61,200","60,700","60,700","60,900",63,"1,801",713,215,"4,840",28.62,"2,560","7,467","6,370","1,034",641,-2.49,644,"12,168","2,750",32.39,4.35,12.70,12.33,0.30,"3,571.7"
545,사조대림,"27,900",700,-2.45%,"5,000","23,367","28,550","28,550","27,850","27,900","27,950",657,"51,990","8,529","2,452","9,164",3.49,"2,557","17,181","11,241","6,725",494,29.21,362,"6,436",200,-0.30,4.33,10.02,3.29,0.49,768.1
546,TCC스틸,"10,850",250,-2.25%,"1,000","4,290,075","11,550","12,000","10,600","10,700","10,750","49,420","2,498,762","131,261","48,605","23,500",3.36,"2,550","4,318","3,068","1,856",10,-1.23,33,99,N/A,-64.93,23.79,2.18,1.58,1.45,194.0
547,대영포장,"2,350",25,-1.05%,500,"375,318","2,370","2,385","2,345","2,355","2,360",886,"812,532","152,233","105,102","108,395",3.31,"2,547","2,607","2,080",541,47,-3.47,-17,452,36,-92.45,24.00,-1.30,-0.54,1.81,383.1
548,대덕,"7,510",30,-0.40%,500,"188,997","7,540","7,580","7,400","7,510","7,530","1,413","2,778,585","25,768","17,488","33,890",6.44,"2,542",34,"16,387","2,925",-41,N/A,"1,472",739,300,-45.18,10.15,17.88,10.37,0.43,"6,181.2"
549,경농,"13,000",250,+1.96%,500,"1,255,106","12,800","14,050","12,750","13,100","13,200","16,971","83,722","44,356","33,687","19,523",1.01,"2,538","2,483","3,715","1,602",143,9.14,133,861,250,64.34,15.10,6.70,3.58,1.05,"1,792.2"
550,대한제당,"2,820",55,-1.91%,500,"543,413","2,880","2,905","2,820","2,825","2,830","1,555","3,770,558","106,163","20,276","89,697",2.64,"2,529","12,145","11,462","6,677",463,0.84,227,302,90,57.05,9.34,4.80,1.98,0.53,"1,462.0"
N,종목명,현재가,전일비,등락률,액면가,거래량,시가,고가,저가,매수호가,매도호가,거래대금,전일거래량,매수총잔량,매도총잔량,상장주식수,외국인비율,시가총액,매출액,자산총계,부채총계,영업이익,매출액증가율,당기순이익,주당순이익,보통주배당금,영업이익증가율,PER,ROE,ROA,PBR,유보율
551,금호석유우,"83,600","1,100",-1.30%,"5,000","5,543","84,800","84,800","83,300","83,800","83,900",464,"13,474","3,011",864,"3,023",9.05,"2,528",N/A,N/A,N/A,N/A,N/A,N/A,"55,913",N/A,N/A,1.50,N/A,N/A,0.49,N/A
552,한세예스24홀딩스,"6,270",130,-2.03%,500,"10,470","6,500","6,500","6,260","6,270","6,280",66,"42,614","9,533","1,581","40,000",3.61,"2,508","27,979","18,400","10,942",817,2.24,705,"1,762",250,-16.68,3.56,16.99,3.95,0.50,"1,845.7"
553,백산,"10,350",150,-1.43%,500,"348,490","10,400","10,650","10,300","10,350","10,400","3,639","1,269,608","91,283","119,104","24,200",1.31,"2,505","3,831","2,911","1,687",40,-18.29,-164,358,100,-87.66,28.91,-11.97,-5.29,1.75,830.8
554,삼영무역,"13,500",200,-1.46%,500,"13,732","13,650","13,700","13,450","13,500","13,550",185,"34,054","17,129","8,370","18,467",19.85,"2,493","3,924","5,332","1,119",224,43.10,347,"2,050",500,143.07,6.59,7.59,6.60,0.58,"4,021.8"
555,휴비스,"7,180",0,0.00%,"5,000","36,585","7,180","7,220","7,130","7,160","7,170",262,"59,485","11,879","7,951","34,500",3.44,"2,481","9,203","8,729","3,971",399,-10.59,826,"1,947",300,719.13,3.69,19.01,9.44,0.49,185.4
556,TIGER CD금리투자KIS(합성),"50,670",0,0.00%,0,0,"50,670","50,670","50,670","50,675","50,690",0,2,"21,749","26,452","4,864",0.00,"2,465",N/A,N/A,N/A,N/A,N/A,N/A,N/A,N/A,N/A,N/A,N/A,N/A,N/A,N/A
557,부국증권,"23,600",400,-1.67%,"5,000",395,"23,950","23,950","23,550","23,650","23,700",9,"1,892",759,860,"10,370",0.94,"2,447","8,659","16,089","10,480",772,41.95,606,"6,326","1,200",114.44,3.73,11.58,3.92,0.32,826.6
558,디아이,"7,700",40,-0.52%,500,"83,716","7,700","7,800","7,610","7,710","7,720",526,"59,830","5,386","12,230","14,053",5.90,"2,424","3,146","3,348","1,433",32,-17.39,20,290,75,-85.87,59.48,1.06,0.62,0.95,"3,338.7"
559,동아지질,"17,250",50,+0.29%,500,"30,575","17,350","17,500","17,000","17,200","17,300",648,"112,572","29,963","8,524","31,497",5.77,"2,422","1,623","2,289",905,55,48.13,57,433,100,184.49,17.76,4.13,2.59,1.38,745.6
560,KODEX 반도체,"35,770",660,-1.81%,0,"114,573","36,195","36,255","35,705","35,780","35,790","4,111","145,745","4,269","9,705","6,750",2.54,"2,414",N/A,N/A,N/A,N/A,N/A,N/A,N/A,N/A,N/A,N/A,N/A,N/A,N/A,N/A
561,이아이디,256,4,-1.54%,200,"3,266,784",259,260,254,254,255,836,"5,738,350","1,916,778","1,084,120","940,725",1.38,"2,408","1,652","2,259",786,-17,17.16,65,3,150,33.53,"2,953.33",2.29,1.12,0.71,"2,323.4"
562,삼화페인트,"8,850",170,-1.88%,500,"25,565","9,100","9,100","8,840","8,890","8,900",227,"38,902","5,412","3,940","27,203",9.38,"2,408","5,517","5,943","3,020",150,2.12,-224,6,0,-216.94,42.67,-15.35,-10.41,1.08,9.9
563,용평리조트,"4,985",55,-1.09%,"5,000","45,953","4,990","5,070","4,940","4,985","4,990",229,"77,370","7,987","20,310","48,133",1.65,"2,399","1,274","9,119","5,341",-70,-1.56,-176,93,N/A,-68.58,53.60,-4.54,-1.99,0.62,57.1
564,흥국화재,"3,730",25,-0.67%,"5,000","7,242","3,760","3,765","3,725","3,730","3,745",27,"36,241","8,551",947,"64,243",1.32,"2,396","44,930","132,112","124,874",259,5.27,227,"1,044",0,-41.65,3.57,3.16,0.18,0.34,122.1
565,JW생명과학,"15,050",100,-0.66%,"2,500","25,584","15,000","15,200","14,800","15,000","15,050",382,"55,936","11,281","4,334","15,835",2.58,"2,382","4,442","4,644","1,727",96,2.45,13,-3,7,351.96,"-1,158.33",-0.67,0.27,0.84,646.2
566,벽산,"3,475",135,+4.04%,500,"877,570","3,320","3,490","3,285","3,445","3,450","2,977","2,864,875","25,093","39,642","68,560",4.70,"2,375",982,"2,021",756,102,-1.52,85,321,40,-6.10,33.33,6.94,4.99,1.44,"1,092.9"
567,영풍제지,"10,700",350,-3.17%,500,"189,911","11,050","11,100","10,550","10,650","10,700","2,036","354,294","78,175","23,985","22,200",1.08,"2,375","1,835","2,180",860,395,7.81,169,580,500,32.61,25.86,13.25,8.04,1.75,233.6
568,KOSEF 국고채10년,"116,430",125,+0.11%,0,"2,136","116,320","116,845","115,780","116,365","116,475",248,"20,241","29,208","14,658","2,040",0.02,"2,375",N/A,N/A,N/A,N/A,N/A,N/A,N/A,N/A,N/A,N/A,N/A,N/A,N/A,N/A
569,그린케미칼,"9,830",150,-1.50%,500,"108,046","9,980","10,000","9,790","9,850","9,870","1,067","238,671","10,686","5,959","24,000",1.73,"2,359","2,424","1,768",636,147,4.54,103,542,210,88.31,18.14,9.33,5.69,1.92,866.5
570,동성케미컬,"4,745",40,+0.85%,"1,000","33,638","4,715","4,755","4,690","4,745","4,750",159,"29,577","14,658","2,361","49,690",3.60,"2,358","8,821","7,979","3,707",612,3.80,372,32,250,18.04,148.28,2.39,4.51,0.70,570.6
571,사조산업,"47,050",850,-1.77%,"5,000","3,660","48,400","48,400","47,000","47,000","47,150",173,"7,354",521,851,"5,000",3.42,"2,352","6,219","10,874","5,842",219,-15.43,121,"4,400",200,20.19,10.68,1.85,1.09,0.54,"1,455.1"
572,LS전선아시아,"7,670",30,-0.39%,500,"24,816","7,700","7,720","7,600","7,700","7,710",190,"47,244","5,839","17,147","30,625",1.68,"2,349","5,796","4,166","2,677",161,11.40,83,400,200,-38.04,19.18,5.35,2.13,1.54,850.5
573,화성산업,"18,850",500,-2.58%,"5,000","283,313","19,350","20,000","18,800","19,000","19,050","5,509","854,030","23,226","8,163","12,451",8.09,"2,347","4,193","5,805","1,860",405,N/A,N/A,N/A,N/A,N/A,N/A,N/A,N/A,N/A,N/A
574,KODEX 은행,"7,680",100,-1.29%,0,"773,106","7,720","7,720","7,640","7,675","7,680","5,926","2,749,572","103,116","89,297","30,550",1.09,"2,347","10,855","8,227","5,670",-113,-6.77,329,"1,378",650,N/A,13.68,N/A,N/A,0.57,551.4
575,화신,"6,710",230,-3.31%,500,"154,249","6,960","6,960","6,690","6,710","6,720","1,042","448,864","32,066","6,811","34,920",2.21,"2,346",N/A,N/A,N/A,N/A,N/A,-542,"1,006",50,-680.72,6.68,-19.53,-6.65,0.78,"1,408.8"
576,해태제과식품,"8,010",40,+0.50%,500,"20,773","8,000","8,090","7,890","8,030","8,060","4,115","158,753","68,460","78,925","17,800",0.04,"2,341","5,639","6,212","3,575",339,4.57,275,511,200,21.82,15.73,10.84,3.99,0.79,"2,030.8"
577,KODEX 골드선물(H),"13,095",95,+0.73%,0,"313,818","13,065","13,180","13,030","13,090","13,105",165,"30,986","3,590","3,195","29,117",0.64,"2,333",N/A,N/A,N/A,N/A,N/A,N/A,N/A,N/A,N/A,N/A,N/A,N/A,N/A,N/A
578,일진홀딩스,"4,715",45,-0.95%,"1,000","35,311","4,760","4,765","4,680","4,720","4,725",167,"67,031","10,042","3,536","49,347",4.60,"2,327","9,340","11,585","6,390",276,4.22,168,340,100,-12.86,13.87,3.51,1.43,0.52,520.2
579,진양홀딩스,"4,110",30,-0.72%,500,"232,892","4,140","4,150","4,065","4,110","4,115",957,"407,109","24,861","12,333","55,895",3.35,"2,297","2,115","5,480","1,593",116,-6.10,303,183,170,-10.05,22.46,8.23,5.71,0.69,"1,082.7"
580,넥센,"4,290",35,+0.82%,500,"14,113","4,260","4,325","4,255","4,280","4,285",60,"12,991","19,458","2,903","53,544",1.83,"2,297","19,685","42,392","21,979",623,-14.09,8,652,85,-72.31,6.58,1.05,0.02,0.22,"3,575.3"
581,TIGER 글로벌자율주행&전기차SOLACTIVE,"10,200",320,-3.04%,0,"211,095","10,510","10,510","10,085","10,170","10,190","2,150","86,456","37,546","36,772","22,400",0.28,"2,284",N/A,N/A,N/A,N/A,N/A,N/A,N/A,N/A,N/A,N/A,N/A,N/A,N/A,N/A
582,팜스코,"6,200",120,-1.90%,500,"225,887","6,350","6,510","6,160","6,220","6,230","1,426","80,054","33,623","11,737","36,728",1.18,"2,277","13,339","9,893","6,822",397,14.50,482,934,N/A,140.66,5.40,10.57,4.51,0.37,514.4
583,대성산업,"5,030",180,-3.45%,"5,000","2,016,330","5,220","5,270","4,985","4,995","5,010","10,323","10,079,392","67,650","10,687","45,235",1.58,"2,275","8,450","11,017","6,157",39,-2.86,115,953,100,96.54,6.51,4.21,1.17,0.66,"1,761.2"
584,금양,"4,560",60,-1.30%,500,"131,049","4,600","4,650","4,555","4,575","4,580",833,"93,379","36,143","14,762","15,637",1.00,"2,267","2,083","1,714",405,137,1.74,130,"1,213",180,15.06,11.95,10.34,7.76,1.55,"1,581.7"
585,TIGER 미국달러단기채권액티브,"10,340",55,+0.53%,0,"126,094","10,310","10,350","10,310","10,340","10,345",600,"186,250","21,695","8,652","49,711",1.00,"2,267","1,762","2,199","1,401",60,2.00,-40,22,0,-34.79,207.27,-5.36,-1.78,2.09,213.2
586,한농화성,"14,450",200,-1.37%,500,"57,313","14,700","14,750","14,400","14,450","14,500","1,301","55,423","57,550","43,515","21,860",0.01,"2,260",N/A,N/A,N/A,N/A,N/A,N/A,N/A,N/A,N/A,N/A,N/A,N/A,N/A,N/A
587,동남합성,"62,100",100,+0.16%,500,692,"62,000","62,700","62,000","62,000","62,200",43,970,"1,054",883,"3,610",0.01,"2,242","1,249",813,323,135,-0.90,99,"3,404","9,900",37.30,18.24,16.10,11.28,3.60,"1,469.5"
588,HANARO 200 TOP10,"8,470",180,-2.08%,0,298,"8,630","8,630","8,470","8,455","8,475",2,807,"84,314","49,198","26,400",0.00,"2,236",N/A,N/A,N/A,N/A,N/A,N/A,N/A,N/A,N/A,N/A,N/A,N/A,N/A,N/A
589,덕성,"14,200",800,-5.33%,500,"1,009,490","14,900","15,200","14,150","14,250","14,300","14,856","4,289,889","91,949","43,050","15,680",1.11,"2,234","1,177","1,050",388,56,35.69,36,256,45,"1,083.22",55.66,5.61,3.48,2.76,733.5
590,HANARO 단기채권액티브,"100,500",0,0.00%,0,0,"100,500","100,500","100,500","100,500","100,505",0,1,"15,000","8,000","2,213",0.02,"2,224",N/A,N/A,N/A,N/A,N/A,N/A,N/A,N/A,N/A,N/A,N/A,N/A,N/A,N/A
591,현대코퍼레이션,"16,750",200,-1.18%,"5,000","12,825","16,950","16,950","16,600","16,700","16,850",215,"22,488","8,508","9,537","13,229",6.02,"2,216","28,809","12,191","9,046",332,-32.43,494,"3,751",600,-23.63,4.47,15.09,3.71,0.58,717.6
592,NH올원리츠,"5,240",0,0.00%,500,"93,917","5,250","5,250","5,220","5,240","5,250",492,"178,479","62,501","52,674","42,200",2.53,"2,211",162,"5,164","4,703",88,27.83,-9,N/A,0,14.87,N/A,-1.86,-0.17,N/A,255.3
593,KODEX 차이나과창판STAR50(합성),"9,370",10,-0.11%,0,"8,071","9,385","9,440","9,210","9,355","9,370",75,"27,227","21,667","25,844","23,500",0.00,"2,202",N/A,N/A,N/A,N/A,N/A,N/A,N/A,N/A,N/A,N/A,N/A,N/A,N/A,N/A
594,이엔플러스,"4,130",5,+0.12%,500,"1,668,992","4,145","4,325","4,000","4,115","4,125","6,939","958,010","21,444","17,184","53,235",1.33,"2,199",274,906,351,-83,-32.00,-141,-292,0,45.88,-14.14,-27.80,-13.56,2.39,152.6
595,CJ제일제당 우,"165,500",0,0.00%,"5,000",945,"166,000","167,000","164,500","165,000","165,500",156,947,652,"1,031","1,327",27.89,"2,197",N/A,N/A,N/A,N/A,N/A,N/A,"29,324",N/A,N/A,5.64,N/A,N/A,0.44,N/A
596,세방,"11,350",50,-0.44%,500,"29,176","11,350","11,350","11,200","11,250","11,300",328,"92,637","67,049","21,228","19,309",5.49,"2,192","8,422","11,646","3,112",164,16.45,326,"2,149",190,1.52,5.28,3.89,2.86,0.28,"7,072.2"
597,플레이그램,"2,440",25,-1.01%,100,"602,934","2,465","2,530","2,430","2,435","2,445",183,"31,312","10,239",998,"23,907",0.80,"2,190","2,153","2,532",972,87,12.30,94,-170,100,39.83,-53.88,6.16,3.83,1.47,"1,207.0"
598,경보제약,"9,140",20,-0.22%,500,"19,944","9,210","9,300","9,080","9,130","9,170","1,489","1,529,649","81,800","47,083","89,717",4.49,"2,189",341,690,69,-24,288.54,36,-50,0,-76.58,-48.80,7.04,4.82,0.74,94.2
599,한솔테크닉스,"6,800",20,-0.29%,"5,000","53,067","6,840","6,840","6,720","6,750","6,770",359,"167,852","15,268","7,642","32,110",6.40,"2,183","11,949","5,914","3,123",325,22.90,262,72,N/A,27.46,94.44,9.70,6.51,3.12,700.1
600,동성제약,"8,350",0,0.00%,"1,000","73,255","8,300","8,470","8,250","8,330","8,350",612,"70,895","8,214","6,605","26,101",5.27,"2,177",878,"1,257",708,-37,1.46,-141,-301,0,51.26,-27.71,-22.52,-10.94,3.83,129.4
N,종목명,현재가,전일비,등락률,액면가,거래량,시가,고가,저가,매수호가,매도호가,거래대금,전일거래량,매수총잔량,매도총잔량,상장주식수,외국인비율,시가총액,매출액,자산총계,부채총계,영업이익,매출액증가율,당기순이익,주당순이익,보통주배당금,영업이익증가율,PER,ROE,ROA,PBR,유보율
601,KINDEX 베트남VN30(합성),"23,355",225,+0.97%,0,"15,313","23,190","23,480","23,190","23,380","23,410",358,"22,275",500,"2,341","9,300",0.03,"2,172",N/A,N/A,N/A,N/A,N/A,N/A,N/A,N/A,N/A,N/A,N/A,0.38,0.56,"2,601.9"
602,디와이,"8,250",380,-4.40%,500,"783,501","8,630","8,630","8,240","8,310","8,330","6,554","2,464,534","68,173","11,524","26,320",5.34,"2,171","7,894","7,956","3,284",417,-7.59,30,-182,100,-5.39,-45.33,-3.39,-10.94,3.82,129.4
603,노루페인트,"10,800",100,-0.92%,500,"189,370","10,950","11,000","10,700","10,750","10,800","2,047","707,658","81,467","67,376","20,000",2.80,"2,160","6,429","6,667","3,328",323,-0.70,180,714,275,10.75,15.13,5.48,2.78,0.63,"3,175.5"
604,예스코홀딩스,"35,900",400,+1.13%,"5,000",974,"35,500","36,300","35,400","35,550","35,700",34,513,"1,869",409,"6,000",14.69,"2,154","11,224","15,641","10,428",96,1.28,-779,26,"2,000",-56.69,"1,380.77",-13.18,-5.01,0.30,"1,657.1"
605,TIGER 글로벌4차산업혁신기술(합성 H),"16,600",420,-2.47%,0,"24,536","16,895","16,895","16,415","16,540","16,610",824,"55,414","45,322","36,282","22,020",0.09,"2,141",N/A,N/A,N/A,N/A,N/A,N/A,N/A,N/A,N/A,N/A,N/A,N/A,N/A,N/A
606,S-Oil우,"53,200",800,+1.53%,"2,500","10,976","52,500","53,400","51,400","52,900","53,100",409,"17,221","2,413","22,897","12,900",0.26,"2,141",N/A,N/A,N/A,N/A,N/A,N/A,N/A,N/A,N/A,N/A,N/A,N/A,N/A,N/A
607,KBSTAR iSelect메타버스,"9,710",280,-2.80%,0,"83,879","9,950","9,950","9,710","9,730","9,735",575,"26,263","1,362","2,429","4,022",14.63,"2,140",N/A,N/A,N/A,N/A,N/A,N/A,"10,387",N/A,N/A,5.12,N/A,N/A,0.93,N/A
608,퍼스텍,"4,405",175,-3.82%,500,"2,339,850","4,540","4,660","4,400","4,420","4,425",42,"6,211","2,862","1,592","15,973",9.55,"2,124","7,620","8,874","3,881",225,4.13,149,411,70,135.89,32.36,2.86,3.93,4.67,-50.4
609,제일파마홀딩스,"13,250",200,-1.49%,500,"3,187","13,450","13,850","13,150","13,200","13,300","10,608","4,786,200","155,939","36,865","48,061",2.90,"2,120","1,321","1,807","1,359",40,4.56,71,146,N/A,186.17,30.21,19.81,1.73,0.49,"4,623.5"
610,대창,"2,320",275,+13.45%,500,"44,317,047","2,060","2,445","2,050","2,280","2,285","101,425","7,779,088","395,107","309,687","91,140",1.33,"2,114",N/A,N/A,N/A,N/A,N/A,N/A,"2,724",N/A,N/A,4.11,N/A,N/A,0.52,N/A
611,NH투자증권우,"11,200",50,+0.45%,"5,000","47,920","11,150","11,300","11,100","11,150","11,200",535,"89,305","68,213","33,210","18,871",5.79,"2,112","15,653","16,536","12,794",967,19.96,"1,099","2,553",100,42.79,2.19,34.98,6.78,0.66,51.9
612,한라,"5,580",0,0.00%,"5,000","108,936","5,630","5,730","5,580","5,580","5,590",614,"122,620","7,885","11,111","37,859",1.82,"2,112",406,"3,712",237,-19,-16.13,32,"-1,033",750,-54.94,-76.86,0.93,0.87,0.36,"3,162.5"
613,일성신약,"79,400","1,400",-1.73%,"5,000",811,"80,700","80,700","79,400","79,900","80,200",64,"1,333",524,494,"2,660",2.31,"2,110","9,336","6,203","3,989",284,3.85,70,278,0,66.88,8.33,3.50,1.18,0.83,248.8
614,한국주철관,"9,230",10,-0.11%,500,"11,434","9,240","9,270","9,190","9,210","9,220",105,"30,913","9,002","17,455","22,800",3.00,"2,104","3,283","3,575",731,113,-24.92,102,"1,851",200,-27.14,4.99,4.05,2.87,0.64,"2,242.8"
615,삼영전자,"10,450",100,-0.95%,500,"13,681","10,550","10,600","10,350","10,450","10,500",142,"27,846","48,266","9,939","20,000",41.65,"2,090","2,006","5,139",230,92,-0.19,114,820,250,99.48,12.74,2.34,2.25,0.41,"4,622.5"
616,GS글로벌,"2,515",45,+1.82%,"2,500","5,029,708","2,505","2,635","2,455","2,525","2,530","12,913","5,738,480","118,644","56,130","82,534",2.68,"2,078","11,828","11,588","7,706",-62,-3.19,-821,-822,N/A,-44.58,-3.07,-24.91,-7.60,0.65,45.2
617,현대차3우B,"85,300",500,-0.58%,"5,000","5,199","85,800","85,800","84,600","85,200","85,300",442,"5,061","1,621",797,"2,429",23.04,"2,076","28,150","9,568","6,578",323,-27.62,-219,639,50,-146.82,11.69,-4.69,-2.03,0.48,"2,816.4"
618,신원,"2,165",15,-0.69%,500,"1,122,467","2,175","2,200","2,145","2,165","2,170","2,435","1,664,389","181,693","170,376","95,569",3.89,"2,074","6,943","4,058","2,202",3,2.88,-92,39,0,-96.65,55.64,-3.92,N/A,0.30,N/A
619,세종공업,"7,430",40,-0.54%,500,"64,814","7,380","7,510","7,370","7,450","7,460",481,"158,251","21,191","4,718","27,821",1.89,"2,072",N/A,N/A,N/A,N/A,N/A,N/A,"19,734",N/A,N/A,4.32,N/A,-2.28,0.80,380.7
620,디아이씨,"5,300",30,-0.56%,500,"351,992","5,340","5,420","5,290","5,330","5,340","1,881","2,689,716","35,036","48,226","38,889",1.95,"2,061","4,934","6,046","5,340",-710,-8.25,"-1,191",-999,N/A,-121.69,-5.31,-128.28,-17.21,3.02,-42.6
621,아시아나IDT,"18,350",300,-1.61%,500,"16,112","18,500","18,600","18,200","18,350","18,400",296,"23,971","9,174","1,701","11,100",0.13,"2,037","1,959","2,049",747,88,-20.43,-82,"1,601",0,-22.90,11.46,-6.03,-3.78,1.32,"2,235.7"
622,KINDEX 중국본토CSI300,"30,280",265,-0.87%,0,"1,840","30,845","30,845","30,280","30,280","30,455",55,"7,481",148,"3,626","6,700",0.05,"2,029",N/A,N/A,N/A,N/A,N/A,N/A,N/A,N/A,N/A,N/A,N/A,N/A,N/A,N/A
623,TIGER 여행레저,"4,920",50,-1.01%,0,"769,099","4,960","4,960","4,885","4,910","4,915","3,783","1,002,812","278,790","215,381","41,190",0.40,"2,027",N/A,N/A,N/A,N/A,N/A,N/A,N/A,N/A,N/A,N/A,N/A,N/A,N/A,N/A
624,샘표식품,"44,250",150,-0.34%,500,"36,303","44,850","46,900","44,200","44,200","44,250","1,653","5,786","1,706",158,"4,568",4.32,"2,021","3,189","2,686",765,428,13.58,361,"4,826",200,38.04,9.17,20.65,14.58,0.95,"8,348.6"
625,우진,"9,920",340,+3.55%,500,"22,808,891","9,500","11,800","9,400","9,880","9,890","245,558","1,522,308","74,106","13,122","20,324",3.99,"2,010","1,713","3,227","1,455",125,1.74,101,290,50,-40.95,15.43,5.89,3.11,1.07,374.2
626,백광산업,"4,475",40,-0.89%,500,"87,979","4,535","4,540","4,475","4,485","4,495",395,"147,368","29,021","20,407","44,918",3.77,"2,010",898,"2,402",738,11,0.97,339,864,100,158.33,11.45,25.83,15.41,1.43,"1,062.5"
627,ARIRANG 고배당주,"12,720",60,-0.47%,0,"38,146","12,765","12,765","12,650","12,705","12,720",484,"50,447","9,983","3,748","15,600",0.07,"1,984",N/A,N/A,N/A,N/A,N/A,N/A,N/A,N/A,N/A,N/A,N/A,N/A,N/A,N/A
628,TIGER 글로벌메타버스액티브,"8,250",260,-3.06%,0,"172,992","8,400","8,400","8,160","8,240","8,250","1,424","120,955","31,650","39,446","24,020",0.46,"1,982",N/A,N/A,N/A,N/A,N/A,N/A,N/A,N/A,N/A,N/A,N/A,N/A,N/A,N/A
629,신라교역,"12,350",150,-1.20%,500,"4,018","12,450","12,500","12,300","12,300","12,350",49,"11,520","10,362","6,842","16,000",3.54,"1,976","3,723","6,291","1,111",-49,0.72,77,"2,049",500,-14.85,6.03,1.48,1.23,0.36,"6,344.8"
630,신한 레버리지 천연가스 선물 ETN,"9,870",185,-1.84%,0,"303,069","9,685","10,385","9,685","9,890","9,900","3,029","392,465","694,953","700,120","20,000",0.00,"1,974",N/A,N/A,N/A,N/A,N/A,N/A,N/A,N/A,N/A,N/A,N/A,N/A,N/A,N/A
631,한신공영,"17,050",50,+0.29%,"5,000","30,078","17,000","17,200","16,800","17,050","17,100",511,"48,149","7,469","9,446","11,571",14.16,"1,973","15,569","17,343","11,135","1,199",-4.09,"1,054","6,258",400,-3.69,2.72,18.96,6.23,0.31,890.2
632,태경산업,"6,720",140,-2.04%,500,"43,360","6,810","6,850","6,710","6,730","6,760",293,"45,497","14,981","5,411","29,229",2.41,"1,964","4,306","5,413","1,957",159,-17.12,87,487,240,47.68,13.80,1.59,1.58,0.79,"1,375.2"
633,대신 2X 니켈선물 ETN(H),"39,165","2,190",+5.92%,0,"32,198","38,410","39,480","37,840","39,035","39,150","1,251","31,748","20,067","140,716","5,000",0.00,"1,958",N/A,N/A,N/A,N/A,N/A,N/A,N/A,N/A,N/A,N/A,N/A,N/A,N/A,N/A
634,제주은행,"6,090",20,-0.33%,"5,000","45,832","6,110","6,130","6,040","6,070","6,080",278,"119,708","44,745","9,787","32,129",0.67,"1,955","4,587","5,113","3,242",-29,-7.19,-27,110,100,-151.56,115.91,-1.77,-0.52,0.99,"2,460.4"
635,인지컨트롤스,"12,750",50,-0.39%,500,"20,556","12,700","12,800","12,650","12,750","12,800",261,"57,693","30,547","12,507","15,333",1.97,"1,953","2,148","65,318","60,224",216,-10.67,175,725,100,-41.84,8.39,3.48,0.28,0.37,217.1
636,효성ITX,"16,900",200,-1.17%,500,"11,583","17,050","17,100","16,850","16,850","17,000",195,"19,518","10,810","4,116","11,558",0.41,"1,953","4,841","1,617","1,123",168,24.70,127,"1,101",750,29.07,15.35,25.21,7.94,3.17,716.6
637,한컴라이프케어,"7,010",310,+4.63%,200,"565,280","6,700","7,360","6,650","7,060","7,090","4,027","63,094","8,919","10,434","27,674",0.25,"1,932","1,518","1,676","1,327",387,128.04,138,723,50,10.26,8.98,6.54,3.19,0.89,"1,260.6"
638,TIGER 미국MSCI리츠(합성 H),"15,195",75,+0.50%,0,"65,506","15,285","15,285","15,165","15,190","15,195",996,"51,725","1,307","30,180","12,650",0.76,"1,922",N/A,N/A,N/A,N/A,N/A,247,"1,746",0,323.70,4.00,-206.06,16.47,1.64,"4,928.3"
639,TIGER 차이나CSI300,"11,235",90,-0.79%,0,"49,624","11,310","11,330","11,200","11,240","11,245",559,"131,365","38,021","7,642","17,050",0.99,"1,916",N/A,N/A,N/A,N/A,N/A,N/A,N/A,N/A,N/A,N/A,N/A,N/A,N/A,N/A
640,대원강업,"3,085",20,-0.64%,500,"35,821","3,100","3,120","3,070","3,080","3,090",110,"52,622","16,434","3,025","62,000",2.09,"1,913","8,612","10,179","4,458",52,-10.31,N/A,N/A,N/A,N/A,N/A,N/A,N/A,N/A,N/A
641,종근당바이오,"34,500",350,+1.02%,"2,500","18,382","34,650","35,600","34,050","34,500","34,650",639,"9,454","2,297","1,607","5,486",1.36,"1,893","1,246","2,835","1,147",76,-9.17,-27,-207,100,-80.65,-14.90,-1.36,-0.26,0.42,"1,433.4"
642,KCTC,"6,300",660,+11.70%,500,"2,618,595","5,640","6,700","5,610","5,900","5,910","16,455","107,580","15,178","38,703","30,000",1.17,"1,890","4,887","4,414","2,322",210,9.54,62,"-1,227",200,-50.64,-28.24,3.79,2.40,1.17,"1,133.2"
643,HANARO 200TR,"43,670",675,-1.52%,0,49,"43,805","43,805","43,580","43,635","43,685",2,50,"20,094","25,976","4,300",0.00,"1,878",N/A,N/A,N/A,N/A,N/A,N/A,N/A,N/A,N/A,N/A,N/A,N/A,N/A,N/A
644,한양증권,"14,750",450,-2.96%,"5,000","24,410","15,200","15,200","14,750","14,750","14,800",361,"17,299","9,235","3,732","12,729",9.17,"1,877","4,771","19,677","16,166",643,53.72,459,"5,620",750,117.13,2.62,14.23,2.42,0.46,430.6
645,하나 코스피 변동성추세 추종 양매도 ETN,"7,490",0,0.00%,0,0,"7,490","7,490","7,490","7,465","7,480",0,0,100,"10,000","25,000",0.00,"1,872",N/A,N/A,N/A,N/A,N/A,N/A,N/A,N/A,N/A,N/A,N/A,N/A,N/A,N/A
646,사조동아원,"1,320",55,+4.35%,500,"36,513,459","1,285","1,430","1,275","1,320","1,325",733,"571,148","35,076","8,722","27,028",6.87,"1,865","19,624","18,038","11,718",485,-0.73,96,38,N/A,33.60,34.87,4.74,2.11,0.82,226.1
647,서연이화,"6,890",150,-2.13%,500,"105,746","7,040","7,040","6,870","6,870","6,890","49,914","3,827,359","820,239","486,099","141,145",0.69,"1,863","3,962","4,464","2,387",166,-3.88,-408,"1,851",100,121.54,3.73,-6.80,-2.25,0.27,"4,278.8"
648,KBSTAR 미국나스닥100,"12,570",230,-1.80%,0,"366,399","12,700","12,715","12,445","12,570","12,575","4,596","151,785","51,266","36,854","14,700",0.01,"1,848",N/A,N/A,N/A,N/A,N/A,N/A,N/A,N/A,N/A,N/A,N/A,N/A,N/A,N/A
649,대호에이엘,"3,550",10,-0.28%,500,"303,632","3,560","3,685","3,515","3,565","3,570","1,091","263,954","29,626","52,260","52,004",0.91,"1,846",N/A,N/A,N/A,N/A,N/A,N/A,"15,161",N/A,N/A,4.03,N/A,N/A,0.46,N/A
650,일진전기,"4,975",35,-0.70%,"1,000","93,058","5,010","5,040","4,930","4,970","4,985",462,"261,821","29,537","20,871","37,080",2.89,"1,846","1,214","1,012",738,26,3.31,7,22,0,372.92,161.36,2.43,0.72,2.55,-12.2
N,종목명,현재가,전일비,등락률,액면가,거래량,시가,고가,저가,매수호가,매도호가,거래대금,전일거래량,매수총잔량,매도총잔량,상장주식수,외국인비율,시가총액,매출액,자산총계,부채총계,영업이익,매출액증가율,당기순이익,주당순이익,보통주배당금,영업이익증가율,PER,ROE,ROA,PBR,유보율
651,일진전기,"4,975",35,-0.70%,"1,000","93,094","5,010","5,040","4,930","4,970","4,985",462,"261,821","29,649","23,511","37,080",2.89,"1,845","7,079","7,904","4,815",138,5.93,7,22,0,372.92,161.14,2.43,0.72,2.55,-12.2
652,동방,"3,815",200,+5.53%,"1,000","2,935,572","3,630","3,870","3,550","3,660","3,665","11,748","620,232","32,814","25,674","47,972",2.41,"1,840","5,921","5,268","4,101",246,-6.48,134,259,0,17.41,14.81,12.87,2.32,1.31,195.2
653,KODEX WTI원유선물(H),"17,415",670,-3.70%,0,"1,166,839","17,275","17,865","17,255","17,370","17,390","20,473","1,350,422","296,720","224,062","10,350",0.00,"1,802",N/A,N/A,N/A,N/A,N/A,N/A,N/A,N/A,N/A,N/A,N/A,N/A,N/A,N/A
654,에이블씨엔씨,"6,640",200,-2.92%,500,"31,152","6,840","6,840","6,630","6,640","6,700",208,"36,237","6,267","1,012","27,033",11.64,"1,792","3,075","2,544",980,-680,-27.16,-978,"-3,403",0,"-3,807.27",-1.95,-43.75,-28.45,1.41,"1,561.1"
655,삼화전기,"27,050",300,-1.10%,"1,000","8,045","27,400","27,400","26,900","27,050","27,100",217,"21,841","3,505","1,613","6,614",24.22,"1,789","1,993","1,370",693,58,2.16,58,"2,248",100,14.31,12.03,9.04,4.41,2.90,410.7
656,이지스밸류리츠,"5,790",30,+0.52%,"1,000","30,784","5,790","5,810","5,770","5,780","5,790",178,"49,378","12,684","40,636","30,873",2.62,"1,788",233,"1,754",9,222,N/A,223,927,152,N/A,6.25,N/A,N/A,0.83,627.0
657,삼성 레버리지 천연가스 선물 ETN B,"17,845",265,-1.46%,0,"75,155","17,405","18,715","17,405","17,850","17,875","1,352","116,475","498,463","501,890","10,000",0.00,"1,784",N/A,N/A,N/A,N/A,N/A,N/A,N/A,N/A,N/A,N/A,N/A,N/A,N/A,N/A
658,한국패러랠,"2,210",5,+0.23%,0,"10,815","2,205","2,210","2,205","2,205","2,210",23,"20,875","33,919","22,657","80,020",0.00,"1,768",N/A,N/A,N/A,N/A,N/A,N/A,N/A,N/A,N/A,N/A,N/A,N/A,N/A,N/A
659,대한화섬,"132,500",500,+0.38%,"5,000",164,"132,000","134,000","131,500","132,500","133,500",21,545,301,621,"1,328",0.10,"1,760",869,"7,223","1,151",30,-23.94,162,"14,096",410,-38.53,9.40,2.84,2.43,0.24,"6,841.8"
660,KODEX 배당가치,"12,920",180,-1.37%,0,"18,758","13,055","13,055","12,895","12,920","12,950",242,"1,210,450","27,203","24,395","13,600",0.00,"1,757",N/A,N/A,N/A,N/A,N/A,N/A,N/A,N/A,N/A,N/A,N/A,N/A,N/A,N/A
661,KBSTAR IT플러스,"19,280",520,-2.63%,0,"11,865","19,610","19,610","19,280","19,315","19,320",229,"16,426","7,511","8,924","9,080",0.00,"1,751",N/A,N/A,N/A,N/A,N/A,N/A,N/A,N/A,N/A,N/A,N/A,N/A,N/A,N/A
662,DB,863,8,-0.92%,500,"190,581",873,873,862,864,865,164,"286,482","79,448","44,287","201,174",2.52,"1,736","2,724","4,725","1,588",269,14.23,63,56,0,45.32,15.41,2.39,1.50,0.47,194.6
663,에이플러스에셋,"7,660",70,-0.91%,500,"40,782","7,700","7,740","7,540","7,640","7,650",310,"135,051","21,228","2,164","22,608",2.03,"1,732","2,851","2,516","1,394",232,5.86,218,834,350,10.92,9.18,29.70,8.75,1.75,745.3
664,IHQ,"1,180",25,-2.07%,500,"220,160","1,190","1,200","1,175","1,180","1,185",260,"333,800","158,023","180,141","146,236",3.62,"1,726",810,"1,463",277,-162,-18.37,-182,-100,0,-130.46,-11.80,-14.32,-11.69,1.42,66.7
665,한국특강,"3,230",65,+2.05%,500,"99,858","3,185","3,255","3,175","3,205","3,220",321,"52,512","19,811","61,584","53,242",0.43,"1,720","4,153","3,481","2,509",70,6.23,33,541,0,194.39,5.97,4.06,1.01,1.31,264.9
666,일성건설,"3,175",180,-5.37%,500,"1,336,366","3,370","3,445","3,115","3,150","3,155","4,341","1,890,893","42,480","68,291","54,025",69.26,"1,715","3,410","2,985","2,082",103,-9.28,29,106,15,38.90,29.95,3.16,0.88,1.57,220.2
667,삼양통상,"56,300",300,-0.53%,"5,000","1,476","56,900","56,900","56,200","56,300","56,400",83,"9,376","7,252","2,593","3,000",5.08,"1,689","1,984","4,221",465,577,3.28,499,"17,249","1,250",16.71,3.26,14.17,12.58,0.40,"2,457.0"
668,KBSTAR 코스피,"27,895",380,-1.34%,0,"8,691","28,185","28,185","27,895","27,855","27,920",273,"88,273","28,046","22,707","6,050",0.00,"1,688",N/A,N/A,N/A,N/A,N/A,N/A,N/A,N/A,N/A,N/A,N/A,N/A,N/A,N/A
669,쌍방울,641,6,-0.93%,500,"2,656,220",647,651,639,640,641,"1,708","4,954,623","923,103","274,518","262,592",2.45,"1,681","2,647","1,928","1,336",70,8.83,53,97,N/A,122.44,22.47,9.11,3.14,2.37,58.2
670,아남전자,"2,180",40,-1.80%,500,"338,985","2,200","2,215","2,175","2,180","2,185",742,"409,982","137,087","42,238","77,125",3.15,"1,681",972,"3,505","1,351",-13,1.82,-161,23,0,87.88,27.83,-8.46,-4.66,0.66,69.3
671,삼성물산우B,"103,000",500,-0.48%,100,951,"103,500","103,500","101,500","102,500","103,000",97,"1,846","1,268",789,"1,627",9.91,"1,676",N/A,N/A,N/A,N/A,N/A,N/A,"8,789",N/A,N/A,11.72,N/A,N/A,0.57,N/A
672,광전자,"2,860",40,-1.38%,500,"60,112","2,895","2,895","2,855","2,865","2,870",172,"124,381","46,326","11,682","57,944",21.73,"1,654","1,502","2,434",421,-78,-9.63,-163,-73,N/A,-439.75,-39.11,-7.56,-6.49,0.68,616.6
673,성창기업지주,"2,375",10,-0.42%,500,"353,518","2,375","2,440","2,350","2,375","2,380","54,414","16,668,836","70,058","19,429","33,442",2.05,"1,652","2,029","2,717","1,694",59,-3.50,19,537,30,807.26,9.20,1.86,N/A,N/A,N/A
674,이구산업,"4,945",55,+1.12%,500,"10,888,055","4,945","5,140","4,850","4,910","4,915",378,"211,323","36,714","38,563","29,060",1.31,"1,651",N/A,N/A,N/A,N/A,N/A,N/A,N/A,N/A,N/A,N/A,N/A,0.71,1.41,344.2
675,미래에셋글로벌리츠,"5,680",20,-0.35%,"1,000","66,692","5,700","5,700","5,650","5,670","5,680",850,"1,823,171","16,240","23,417","69,752",2.46,"1,646","1,709","7,074","1,745",80,13.16,51,225,0,372.19,10.49,0.96,0.72,0.28,703.6
676,신한 WTI원유 선물 ETN(H),"8,205",345,-4.04%,0,"8,437","8,145","8,400","8,135","8,185","8,205",69,"29,563","57,687","56,309","20,000",0.00,"1,641",N/A,N/A,N/A,N/A,N/A,N/A,N/A,N/A,N/A,N/A,N/A,N/A,N/A,N/A
677,KBSTAR 단기국공채액티브,"102,555",5,0.00%,0,154,"102,555","102,555","102,540","102,550","102,555",15,100,"29,945","14,918","1,600",0.00,"1,641",N/A,N/A,N/A,N/A,N/A,N/A,N/A,N/A,N/A,N/A,N/A,N/A,N/A,N/A
678,현대약품,"5,120",80,+1.59%,500,"1,539,598","5,050","5,490","5,030","5,100","5,110","8,091","488,311","41,413","13,559","32,000",1.66,"1,635","1,398","1,639",773,-16,5.14,-614,-406,0,-25.50,-10.09,-39.82,-1.98,1.65,538.0
679,카프로,"4,080",30,-0.73%,500,"244,948","4,070","4,225","4,035","4,080","4,085","1,014","297,443","20,106","8,147","40,000",4.02,"1,632","2,547","3,121","1,883",-595,-42.14,-32,-99,30,-151.49,-51.62,-3.59,-18.15,1.36,316.5
680,삼익악기,"1,800",35,-1.91%,500,"237,351","1,830","1,840","1,800","1,805","1,810",430,"586,717","178,719","32,340","90,531",3.84,"1,630","2,479","6,224","3,995",202,-6.61,100,687,50,-27.07,2.62,4.49,1.61,0.52,466.7
681,두산퓨얼셀1우,"12,150",200,-1.62%,100,"10,871","12,400","12,400","12,050","12,150","12,200",132,"31,291","15,025","1,781","13,364",16.68,"1,624",N/A,N/A,N/A,N/A,N/A,N/A,50,N/A,N/A,243.00,N/A,N/A,1.94,N/A
682,SK이노베이션우,"130,000","2,000",-1.52%,"5,000","1,330","131,500","132,000","128,500","130,500","131,500",172,"3,970","1,071","1,099","1,248",12.14,"1,623",N/A,N/A,N/A,N/A,N/A,N/A,-34,N/A,N/A,"-3,823.53",N/A,N/A,0.64,N/A
683,깨끗한나라,"4,305",50,+1.18%,"1,000","116,850","4,255","4,360","4,220","4,300","4,305",502,"432,104","11,462","16,995","37,241",0.76,"1,603","5,916","5,631","3,462",521,-0.44,383,352,100,911.26,12.23,20.21,6.95,0.74,370.9
684,노루홀딩스,"12,050",50,-0.41%,500,"46,425","12,250","12,250","11,950","12,000","12,050",560,"441,674","27,777","9,426","13,291",3.47,"1,602","8,480","10,511","4,731",358,-4.10,291,831,450,43.05,14.44,3.80,3.62,0.26,"8,207.8"
685,진양산업,"12,250",250,+2.08%,500,"428,017","11,850","12,350","11,750","12,000","12,050","5,140","2,329,135","60,915","23,540","13,000",6.88,"1,592",643,707,273,79,4.00,51,315,180,-13.69,38.89,12.16,2.83,0.34,"4,575.0"
686,HDC현대EP,"4,990",60,+1.22%,500,"29,026","4,905","5,040","4,895","5,000","5,030",144,"29,158","3,382","15,854","31,900",7.09,"1,592","6,894","5,249","2,322",346,-17.45,138,534,140,1.52,9.34,4.79,8.20,3.41,597.6
687,강남제비스코,"24,350",300,-1.22%,"1,000","4,124","24,750","24,800","24,300","24,350","24,550",101,"7,627","4,844","1,727","6,500",10.96,"1,586","3,408","7,122","1,297",27,2.49,251,"14,008",500,238.73,1.74,4.34,2.57,0.46,"1,759.3"
688,쎌마테라퓨틱스,"6,410",0,0.00%,500,0,0,0,0,0,0,0,0,0,0,"24,554",0.30,"1,576","3,168","2,723","1,675",63,8.48,69,"1,226",0,-39.04,14.93,6.84,2.73,1.46,"2,027.7"
689,센트랄모텍,"18,250",550,-2.93%,500,"42,839","18,700","18,750","18,150","18,250","18,350",788,"27,053","13,222","2,519","8,610",0.52,"1,574",97,334,318,-97,25.29,-197,"-1,246",0,27.08,-5.14,"-1,165.40",-80.87,-48.53,-48.6
690,디와이파워,"14,200",100,-0.70%,500,"65,592","14,250","14,300","14,000","14,200","14,250",929,"137,333","30,640","41,641","11,042",4.03,"1,568","3,048","2,878",988,355,-11.27,254,"3,096",220,36.96,4.59,14.27,9.23,0.71,"3,350.4"
691,동아타이어,"11,400",50,-0.44%,500,"4,795","11,450","11,500","11,350","11,400","11,450",54,"10,477","14,340","6,915","13,733",2.72,"1,566","1,432","3,958",290,170,-8.22,133,"1,209",800,-5.99,9.43,3.69,8.72,1.61,"1,277.7"
692,미원화학,"71,100",200,-0.28%,"1,000",84,"71,300","71,800","71,100","71,100","71,300",5,303,"1,192",216,"2,199",5.11,"1,564","1,602","1,253",124,162,3.56,138,"4,656","2,500",4.32,15.27,12.81,3.41,0.42,"5,283.7"
693,신흥,"16,450",0,0.00%,500,"1,050","16,450","16,600","16,450","16,450","16,500",17,"3,735","3,663","7,232","9,500",0.30,"1,563","1,167","1,462",543,32,-5.17,124,"1,451",200,93.89,11.34,14.45,11.27,1.24,"5,026.1"
694,대유플러스,"1,285",20,-1.53%,500,"524,355","1,305","1,310","1,280","1,285","1,290",676,"795,020","353,680","130,597","120,999",1.47,"1,555","4,529","4,732","3,522",145,-0.95,-57,13,0,-10.86,98.85,-9.07,-0.73,1.37,47.8
695,신일전자,"2,185",20,-0.91%,500,"977,700","2,200","2,210","2,175","2,185","2,190","2,139","1,160,780","377,901","341,005","71,048",6.43,"1,552","1,724","1,106",353,62,18.20,80,139,20,294.80,15.72,11.08,7.61,1.86,117.7
696,신풍제약우,"69,300","10,100",+17.06%,500,"635,149","65,000","73,700","59,300","65,200","65,300","42,687","336,338","2,285",550,"2,200",0.31,"1,549",N/A,N/A,N/A,N/A,N/A,N/A,6,N/A,N/A,"11,733.30",N/A,N/A,N/A,N/A
697,KBSTAR KIS국고채30년Enhanced,"90,720",15,+0.02%,0,115,"90,605","91,290","90,535","90,575","90,765",10,"27,741","10,114","10,045","1,680",0.01,"1,524",N/A,N/A,N/A,N/A,N/A,N/A,N/A,N/A,N/A,N/A,N/A,N/A,9.66,N/A
698,대신증권2우B,"15,150",100,-0.66%,"5,000","13,008","15,250","15,250","15,000","15,150","15,200",196,"12,426","9,302","14,483","10,000",2.61,"1,515",N/A,N/A,N/A,N/A,N/A,N/A,"7,336",N/A,N/A,2.07,N/A,N/A,0.39,N/A
699,경동도시가스,"25,600",900,-3.40%,"2,500","344,952","26,800","27,300","25,450","25,500","25,550","9,045","538,408","18,086","4,280","5,895",16.86,"1,509","10,868","6,997","3,430",181,-23.61,190,"4,335",875,-35.36,5.91,5.46,2.62,0.40,"2,304.5"
700,한진중공업홀딩스,"5,050",860,+20.53%,"5,000","3,189,663","4,220","5,380","4,170","4,780","4,800","1,357","130,585","11,591","2,468","4,820",0.18,"1,499",N/A,N/A,N/A,N/A,N/A,N/A,N/A,N/A,N/A,N/A,N/A,N/A,N/A,N/A
N,종목명,현재가,전일비,등락률,액면가,거래량,시가,고가,저가,매수호가,매도호가,거래대금,전일거래량,매수총잔량,매도총잔량,상장주식수,외국인비율,시가총액,매출액,자산총계,부채총계,영업이익,매출액증가율,당기순이익,주당순이익,보통주배당금,영업이익증가율,PER,ROE,ROA,PBR,유보율
701,세원이앤씨,"1,025",5,-0.49%,500,"1,337,210","1,040","1,040","1,000","1,010","1,015","1,354","2,097,295","207,135","150,911","145,949",2.46,"1,506","7,952","18,372","14,806",504,-9.39,N/A,N/A,N/A,N/A,N/A,N/A,N/A,N/A,N/A
702,TIGER 부동산인프라고배당,"6,090",25,+0.41%,0,"180,794","6,050","6,095","6,050","6,090","6,095","1,099","441,203","72,143","96,259","24,450",0.05,"1,496","1,099","3,247","1,546",-60,-39.62,-266,-133,0,-475.53,-7.71,-15.32,-7.77,0.82,223.7
703,유수홀딩스,"5,670",70,+1.25%,"2,500","36,013","5,620","5,680","5,470","5,600","5,610",201,"47,803","9,108","5,840","26,042",10.09,"1,489",N/A,N/A,N/A,N/A,N/A,N/A,N/A,N/A,N/A,N/A,N/A,N/A,N/A,N/A
704,한진중공업홀딩스,"5,000",810,+19.33%,"5,000","3,330,396","4,220","5,380","4,170","4,905","4,935","16,731","71,756","47,033","39,156","29,530",1.23,"1,477","3,348","4,982","1,099",-152,-8.55,629,"3,437",500,-94.48,1.66,30.04,12.34,0.45,403.4
705,황금에스티,"9,140",90,+0.99%,500,"208,320","9,130","9,360","9,060","9,100","9,130","1,917","169,921","4,814","6,037","16,000",3.21,"1,462","2,582","4,612","1,522",237,5.99,200,"1,523",82,26.46,6.00,6.34,4.64,0.53,"3,623.2"
706,일신석재,"1,880",30,-1.57%,500,"260,209","1,900","1,910","1,880","1,885","1,895",492,"409,453","55,557","86,101","77,457",2.06,"1,459",595,"1,260",90,127,-7.07,92,"10,838","1,500",-9.98,10.70,8.09,0.70,2.78,36.6
707,극동유화,"4,170",70,-1.65%,500,"1,000,545","4,235","4,345","4,150","4,155","4,160","4,236","2,889,525","83,580","17,649","34,869",1.00,"1,456",587,940,418,16,-11.88,6,2,N/A,-6.40,940.00,1.22,7.45,0.94,"21,019.4"
708,조선선재,"115,500","1,500",-1.28%,500,"3,190","116,000","118,000","113,500","116,000","116,500",368,"7,199","1,818",697,"1,258",0.58,"1,454","6,229","2,927","1,199",143,-21.71,72,343,140,-14.09,12.16,4.54,-3.89,1.44,945.0
709,휴스틸,"18,450",200,+1.10%,"5,000","206,004","18,250","19,400","18,200","18,500","18,550","3,894","284,406","13,968","14,371","7,838",4.68,"1,446","3,656","6,041","1,897",177,-31.91,86,"5,251",200,236.71,3.51,2.13,2.46,0.78,910.8
710,한국공항,"45,600",250,+0.55%,"5,000","4,787","45,250","45,900","45,150","45,550","45,750",217,"4,616","1,899","1,045","3,166",3.64,"1,444","2,989","4,254","1,528",-490,-40.67,-475,"-4,764",N/A,-318.63,-9.57,-15.94,1.46,0.32,857.1
711,일동홀딩스,"12,500",350,-2.72%,"1,000","80,318","12,850","13,050","12,400","12,500","12,600","1,015","96,768","13,415","5,003","11,540",1.88,"1,443","5,965","7,994","4,938",-92,104.12,-313,"-2,866",100,61.28,-4.36,-14.74,-10.66,0.51,"1,376.5"
712,DL이앤씨우,"68,200",0,0.00%,"5,000","1,534","68,000","69,000","67,700","68,100","68,300",105,"2,955",580,995,"2,114",5.83,"1,442",N/A,N/A,N/A,N/A,N/A,N/A,N/A,N/A,N/A,N/A,N/A,N/A,0.36,N/A
713,한국내화,"3,500",35,-0.99%,500,"14,618","3,560","3,560","3,475","3,490","3,500",51,"38,772","14,243","4,793","41,067",0.41,"1,437","2,037","2,028",586,52,N/A,15,247,35,N/A,14.17,N/A,N/A,0.52,"1,135.5"
714,팜젠사이언스,"9,280",170,-1.80%,500,"41,639","9,460","9,460","9,220","9,220","9,270",386,"73,817","38,043","3,725","15,477",1.79,"1,436",966,"1,355",520,-7,1.55,91,"1,732",0,-156.42,5.36,13.21,-1.13,2.12,-29.6
715,CJ씨푸드,"3,985",45,-1.12%,500,"1,032,437","4,050","4,140","3,970","3,980","3,985","4,654","10,949,186","350,093","203,146","71,017",1.18,"1,435","3,673","1,920","1,066",43,-8.47,23,32,N/A,325.47,63.12,2.79,1.21,1.70,132.5
716,대원전선,"2,015",10,-0.49%,500,"2,288,950","2,020","2,075","2,010","2,015","2,020","4,185","1,256,679","60,713","10,516","35,931",1.00,"1,432","1,490","1,353",695,40,-0.08,21,122,N/A,7.09,32.66,3.23,1.60,2.05,267.9
717,웅진,"1,790",60,-3.24%,500,"546,145","1,865","1,870","1,785","1,790","1,800",991,"2,903,748","160,748","66,324","79,927",0.98,"1,431","8,736","10,960","8,979",229,6.54,-226,226,0,-69.61,7.92,-39.32,0.78,0.32,583.0
718,유화증권,"2,515",40,-1.57%,"1,000","4,269","2,525","2,555","2,510","2,515","2,520",890,"95,027","47,821","13,161","11,600",0.98,"1,427",471,"1,407",165,77,12.50,77,"1,042",200,546.47,11.80,6.37,7.75,1.24,"1,080.8"
719,태경케미컬,"12,250",300,-2.39%,500,"72,366","12,400","12,500","12,100","12,250","12,300",10,"5,107","35,388","10,624","56,702",3.29,"1,426",207,"7,196","2,480",46,0.32,52,113,110,-26.33,22.26,1.12,5.60,1.03,"1,641.9"
720,동양철관,"1,190",5,+0.42%,500,"749,402","1,200","1,225","1,185","1,185","1,190",903,"716,170","239,277","264,519","118,885",3.44,"1,418",516,952,129,39,-2.12,35,98,35,78.61,44.59,4.24,3.66,1.60,417.8
721,STX중공업,"4,985",105,-2.06%,"2,500","218,764","5,080","5,150","4,910","4,995","5,020","1,097","375,960","6,817","8,842","28,366",0.27,"1,417","2,480","4,674","2,934",23,-2.37,11,-522,N/A,121.69,-9.57,0.73,0.24,1.00,476.6
722,한신기계,"4,350",120,-2.68%,500,"5,628,453","4,445","4,665","4,320","4,335","4,340","25,475","4,962,303","91,385","15,735","32,446",4.87,"1,415","1,738","1,534",659,74,6.36,70,-33,0,100.00,-36.06,8.41,4.43,1.68,47.8
723,SNT에너지,"18,800",100,-0.53%,500,"7,592","18,850","18,900","18,500","18,700","18,800",141,"29,331","6,046","5,349","7,507",4.52,"1,411","1,711","3,321",873,133,-27.93,125,"1,666",800,-42.57,11.28,5.20,N/A,N/A,N/A
724,대신 골드 커버드콜 타겟 5%인컴 ETN(H),"14,105",65,+0.46%,0,1,"14,105","14,105","14,105","14,055","14,110",0,0,"7,399","250,000","10,000",0.00,"1,410",N/A,N/A,N/A,N/A,N/A,N/A,N/A,N/A,N/A,N/A,N/A,3.75,0.50,"6,834.1"
725,미창석유,"80,800",500,-0.62%,"5,000","1,524","82,200","82,200","80,500","80,800","80,900",124,"4,020",310,593,"1,740",31.89,"1,406","2,776","3,118",347,187,-14.26,197,"16,015","2,100",7.09,5.05,7.36,6.48,0.42,"3,260.4"
726,수산중공업,"2,600",20,-0.76%,500,"136,803","2,590","2,620","2,575","2,595","2,605",354,"366,509","52,994","32,760","53,985",1.23,"1,404","1,378","2,364","1,328",70,-12.66,40,151,10,-3.25,17.22,3.95,1.92,1.20,284.6
727,KODEX TRF3070,"11,210",5,+0.04%,0,"33,296","11,170","11,215","11,170","11,205","11,210",373,"73,709","24,737","32,829","12,500",0.09,"1,401",N/A,N/A,N/A,N/A,N/A,N/A,N/A,N/A,N/A,N/A,N/A,N/A,N/A,N/A
728,신세계건설,"34,900","1,650",+4.96%,"5,000","32,614","33,300","35,200","32,650","34,750","34,850","1,120","21,327",633,"1,436","4,000",6.28,"1,396","9,568","7,656","5,632",206,-5.85,122,"7,847",800,-14.84,4.44,6.12,3.01,0.63,905.7
729,SK케미칼우,"65,800",900,-1.35%,"5,000","5,700","67,100","67,100","65,800","65,900","66,100",378,"10,893",976,"1,465","2,115",16.09,"1,392",N/A,N/A,N/A,N/A,N/A,N/A,"2,098",N/A,N/A,31.36,N/A,1.59,0.63,723.8
730,한국화장품,"8,660",130,-1.48%,500,"22,802","8,920","8,930","8,600","8,670","8,690",198,"45,364","4,735",410,"16,068",0.45,"1,390","1,310","2,571",573,64,12.38,74,175,45,573.40,18.77,3.79,N/A,0.65,N/A
731,방림,"3,285",255,+8.42%,500,"6,634,757","3,030","3,510","3,020","3,275","3,280","21,983","813,505","35,023","41,094","42,314",2.27,"1,390",725,754,459,-170,-44.74,-77,-583,N/A,2.30,-14.84,-23.66,-9.77,5.08,229.6
732,한솔홀딩스,"3,295",30,-0.90%,"1,000","34,691","3,335","3,335","3,280","3,290","3,295",114,"108,987","31,166","4,735","42,009",12.73,"1,384","3,595","6,271","1,007",125,3.81,727,"1,385",120,-15.83,2.38,15.20,11.23,0.27,"1,076.9"
733,인바이오젠,"2,590",75,-2.81%,500,"212,789","2,615","2,680","2,580","2,590","2,595",557,"208,681","35,470","9,596","53,397",0.84,"1,383",102,969,190,-53,4.31,-451,"-1,032",0,-133.84,-2.51,-62.65,-48.01,2.77,211.4
734,한미글로벌,"12,600",0,0.00%,500,"72,309","12,600","12,850","12,500","12,600","12,650",914,"93,745","22,019","44,521","10,958",4.59,"1,381","2,326","2,187",899,165,-21.07,-278,-201,N/A,-102.63,-20.25,-33.77,-10.94,1.56,255.9
735,명문제약,"4,060",30,-0.73%,500,"340,516","4,075","4,280","4,040","4,060","4,070","1,420","119,549","10,645","2,734","33,953",1.62,"1,379","1,279","2,430","1,523",-290,-14.39,104,"1,229",300,-32.39,10.25,7.84,4.91,0.92,"2,506.2"
736,대유에이텍,"1,195",0,0.00%,500,"913,816","1,235","1,235","1,180","1,190","1,195","1,365","126,263","36,659","12,005","32,168",1.00,"1,377","1,405","1,163",405,11,-7.32,-7,151,0,-67.21,28.34,-0.91,-0.63,2.11,256.5
737,대양금속,"4,275",55,+1.30%,500,"316,074","4,250","4,395","4,225","4,265","4,270","1,099","869,413","283,664","300,854","115,094",1.57,"1,375","14,669","11,665","9,272",472,14.16,216,-56,0,50.73,-21.34,-1.86,1.89,1.08,85.5
738,KODEX 국고채3년,"57,350",85,-0.15%,0,721,"57,345","57,470","57,340","57,360","57,425",41,"11,203","16,992","14,705","2,394",0.00,"1,373",N/A,N/A,N/A,N/A,N/A,N/A,N/A,N/A,N/A,N/A,N/A,N/A,N/A,N/A
739,TIGER 현대차그룹+펀더멘털,"22,480",210,-0.93%,0,"13,235","22,690","22,690","22,375","22,465","22,505",297,"27,692","32,347","33,256","6,080",0.00,"1,367",N/A,N/A,N/A,N/A,N/A,N/A,N/A,N/A,N/A,N/A,N/A,N/A,N/A,N/A
740,세아특수강,"15,800",250,-1.56%,"5,000","16,500","16,050","16,200","15,800","15,850","15,900",262,"23,955","7,207","5,689","8,570",3.05,"1,354","6,550","5,524","2,376",9,-8.71,-43,"2,568",700,-95.61,6.15,-1.42,-0.76,0.41,625.0
741,유유제약,"7,850",280,-3.44%,"1,000","355,685","8,130","8,130","7,830","7,850","7,860","2,825","434,822","28,426","6,427","17,232",2.42,"1,353",N/A,N/A,N/A,N/A,N/A,N/A,N/A,N/A,N/A,N/A,N/A,N/A,N/A,N/A
742,TIGER 코스닥150,"12,855",300,-2.28%,0,"94,800","13,140","13,140","12,840","12,850","12,865","1,223","228,170","26,596","13,615","10,520",2.20,"1,353",981,"1,549",379,63,7.97,24,-52,109,-22.34,-150.96,1.26,1.65,1.18,982.3
743,TRUE 코스피 양매도 5% OTM ETN,"9,005",0,0.00%,0,0,"9,005","9,005","9,005","8,980","8,985",0,"9,336","150,000","150,000","15,000",0.00,"1,351",N/A,N/A,N/A,N/A,N/A,N/A,N/A,N/A,N/A,N/A,N/A,N/A,N/A,N/A
744,기신정기,"4,625",45,-0.96%,500,"25,346","4,670","4,670","4,605","4,640","4,650",117,"71,714","9,419","15,905","29,200",65.45,"1,350","1,285","2,596",155,114,3.06,98,355,150,22.66,13.03,4.06,3.82,0.54,"1,559.2"
745,SG세계물산,667,5,-0.74%,500,"1,177,363",671,678,663,666,669,788,"2,168,679","174,612","99,306","202,425",2.60,"1,350","1,678","2,672",710,-208,-31.83,-10,-459,N/A,-107.20,-23.09,-0.37,-0.31,0.50,"2,129.1"
746,삼일씨엔에스,"10,600",550,+5.47%,"1,000","162,192","9,900","11,000","9,900","10,650","10,700","1,723","20,128","36,697","20,420","12,732",0.42,"1,350","1,861","3,264",490,-3,-4.83,-104,254,N/A,"-19,052.06",2.62,-5.16,-3.73,0.54,93.2
747,KODEX 미국S&P500선물(H),"20,895",310,-1.46%,0,"118,788","21,135","21,135","20,710","20,880","20,890","2,482","45,501","34,756","47,342","6,450",0.35,"1,348",N/A,N/A,N/A,N/A,N/A,N/A,N/A,N/A,N/A,N/A,N/A,N/A,N/A,N/A
748,TIGER 반도체,"36,720",710,-1.90%,0,"19,336","37,125","37,155","36,675","36,720","36,745",711,"25,437","10,359","15,015","3,660",0.24,"1,343",N/A,N/A,N/A,N/A,N/A,N/A,N/A,N/A,N/A,N/A,N/A,N/A,N/A,N/A
749,KODEX 차이나항셍테크,"6,415",210,-3.17%,0,"176,528","6,555","6,555","6,380","6,400","6,425","1,135","253,624","29,995","18,435","20,900",0.00,"1,341",N/A,N/A,N/A,N/A,N/A,N/A,N/A,N/A,N/A,N/A,N/A,N/A,N/A,N/A
750,KBSTAR 코스닥150,"12,620",315,-2.44%,0,"1,423","12,890","12,890","12,620","12,625","12,645",18,"32,065","3,081","5,093","10,600",2.62,"1,338",N/A,N/A,N/A,N/A,N/A,N/A,N/A,N/A,N/A,N/A,N/A,N/A,N/A,N/A
N,종목명,현재가,전일비,등락률,액면가,거래량,시가,고가,저가,매수호가,매도호가,거래대금,전일거래량,매수총잔량,매도총잔량,상장주식수,외국인비율,시가총액,매출액,자산총계,부채총계,영업이익,매출액증가율,당기순이익,주당순이익,보통주배당금,영업이익증가율,PER,ROE,ROA,PBR,유보율
751,한솔홈데코,"1,660",10,-0.60%,"1,000","468,944","1,660","1,670","1,645","1,655","1,660",777,"2,319,242","226,474","115,090","80,565",3.30,"1,337","2,532","2,950","1,404",29,-4.05,6,85,0,273.18,19.53,0.38,0.20,0.83,87.6
752,대원화성,"3,230",55,-1.67%,500,"139,417","3,245","3,295","3,215","3,215","3,220",451,"254,631","30,768","12,609","41,249",2.30,"1,328","1,926","2,874","1,659",186,29.92,121,672,50,53.99,6.91,10.45,4.44,0.99,704.8
753,NI스틸,"4,650",215,+4.85%,500,"1,155,508","4,470","4,900","4,450","4,625","4,630","5,437","381,170","6,093","9,292","28,600",5.15,"1,328","1,088","1,298",538,3,-18.24,-22,-56,10,-95.79,-57.50,-2.80,-1.68,1.68,272.2
754,크라운해태홀딩스,"8,910",60,-0.67%,500,"10,137","9,070","9,080","8,910","8,930","8,970",91,"26,501","3,792","2,428","14,847",3.98,"1,323","9,232","10,934","6,062",543,2.07,403,968,100,6.15,9.20,8.40,3.46,0.46,"4,453.4"
755,TIGER 미디어컨텐츠,"9,005",25,-0.28%,0,"243,434","9,020","9,075","8,950","9,000","9,010","2,194","530,792","98,587","79,593","14,670",4.56,"1,322",N/A,N/A,N/A,N/A,N/A,N/A,N/A,N/A,N/A,N/A,N/A,N/A,N/A,N/A
756,TIGER 중국소비테마,"7,880",5,-0.06%,0,"26,428","7,930","7,930","7,810","7,845","7,870",210,"14,609","6,223","14,984","16,680",0.02,"1,314",N/A,N/A,N/A,N/A,N/A,N/A,N/A,N/A,N/A,N/A,N/A,N/A,N/A,N/A
757,국동,"2,375",50,+2.15%,500,"773,119","2,315","2,440","2,290","2,380","2,390","1,844","371,933","68,321","58,842","55,209",1.25,"1,311","2,534","1,863",966,312,13.60,159,-279,50,836.77,-8.51,20.63,9.95,1.27,336.1
758,대동전자,"12,450",200,+1.63%,500,"78,874","12,050","13,000","11,800","12,350","12,400",981,"183,917","13,772","8,168","10,490",39.81,"1,306",398,"2,050",410,30,-11.57,32,943,N/A,77.94,13.20,2.22,N/A,N/A,N/A
759,KODEX 미국메타버스나스닥액티브,"8,000",230,-2.79%,0,"209,746","8,210","8,210","7,935","7,985","8,000","1,677","115,010","29,274","10,760","16,300",3.25,"1,304",N/A,N/A,N/A,N/A,N/A,N/A,N/A,N/A,N/A,N/A,N/A,-4.97,2.33,"1,891.3"
760,한국화장품제조,"28,750",250,-0.86%,500,"10,413","29,100","29,100","28,500","28,650","28,700",299,"12,868","1,613","1,352","4,532",1.07,"1,303",620,777,334,-22,-18.96,-40,-587,N/A,-266.40,-48.98,-8.72,N/A,N/A,N/A
761,미래에셋 코스피 양매도 5% OTM ETN,"8,665",0,0.00%,0,0,"8,665","8,665","8,665","8,635","8,650",0,0,"13,863","300,000","15,000",0.00,"1,300",N/A,N/A,N/A,N/A,N/A,N/A,N/A,N/A,N/A,N/A,N/A,-0.77,1.55,296.6
762,유니온머티리얼,"3,080",40,+1.32%,500,"695,724","3,035","3,135","3,015","3,065","3,075","2,147","459,406","34,587","10,159","42,000",0.72,"1,298",935,"1,845","1,013",1,-12.42,-14,-13,20,-97.50,-237.69,-1.59,1.67,0.61,"2,139.6"
763,모나리자,"3,500",10,-0.28%,500,"53,854","3,490","3,525","3,470","3,510","3,515",216,"22,534","5,398","3,538","7,366",12.56,"1,285",N/A,N/A,N/A,N/A,N/A,N/A,-254,N/A,N/A,-68.70,N/A,3.06,0.89,729.3
764,태경비케이,"4,635",55,+1.20%,500,"498,594","4,580","4,805","4,565","4,655","4,665",188,"77,117","21,030","7,491","36,571",1.14,"1,278","1,171",913,201,93,-0.70,79,91,75,236.58,38.41,11.62,9.40,1.73,277.2
765,솔루스첨단소재1우,"17,350",300,-1.70%,100,"12,392","17,650","17,750","17,300","17,350","17,400","2,344","111,150","19,772","12,803","27,583",3.69,"1,276",N/A,N/A,N/A,N/A,N/A,N/A,N/A,N/A,N/A,N/A,N/A,N/A,2.12,N/A
766,TRUE 레버리지 나스닥 100 ETN,"25,515","1,110",-4.17%,0,"21,955","26,145","26,160","24,980","25,495","25,505",562,"14,215","244,797","245,703","5,000",0.00,"1,274","3,191","3,812",901,411,13.54,353,"4,018",200,39.21,11.03,10.50,N/A,N/A,N/A
767,샘표,"44,300",500,+1.14%,"1,000","79,049","44,200","48,800","44,000","44,450","44,550","3,656","13,031","1,275",769,"2,876",5.43,"1,272","1,653","2,959",871,108,-11.31,91,363,100,179.06,12.70,3.42,9.80,0.52,"9,044.7"
768,SH에너지화학,"1,140",70,-5.79%,500,"11,710,619","1,210","1,215","1,135","1,145","1,150","13,718","16,241,462","1,030,519","847,595","111,134",34.96,"1,267",936,"1,174",273,-79,-33.56,-69,1,0,-150.77,"1,140.00",-7.29,-5.77,1.38,64.5
769,이건산업,"11,550",50,+0.43%,"5,000","119,652","11,550","11,850","11,300","11,500","11,550","1,380","154,623","17,614","37,645","10,953",5.98,"1,265","2,569","3,832","2,107",58,-8.13,17,"1,157",200,-39.44,9.98,0.96,0.42,0.63,232.6
770,세이브존I&C,"3,080",30,-0.96%,"1,000","4,528","3,080","3,130","3,050","3,085","3,090",13,"21,706","4,309","5,005","41,041",9.34,"1,264","1,347","5,594","1,073",146,-15.39,99,243,30,-50.58,12.67,2.20,1.74,0.25,985.4
771,보해양조,914,4,-0.44%,500,"704,551",918,924,908,911,913,644,"1,081,527","102,424","188,211","138,014",2.53,"1,261",786,"1,491",705,17,3.36,17,13,0,111.38,70.31,2.22,1.10,1.45,22.9
772,코스맥스비티아이,"13,050",400,-2.97%,500,"7,217","13,450","13,450","12,950","13,000","13,050",94,"7,921","5,250","1,822","9,604",4.69,"1,253","5,259","8,816","5,493",12,12.29,-172,82,200,116.45,159.15,-2.15,-1.94,0.41,"6,766.5"
773,KBSTAR 미국S&P500,"11,495",100,-0.86%,0,"157,294","11,595","11,600","11,390","11,475","11,480","1,814","1,604,213","41,418","86,470","10,800",0.72,"1,241",N/A,N/A,N/A,N/A,N/A,N/A,N/A,N/A,N/A,N/A,N/A,N/A,N/A,N/A
774,KBSTAR 코스닥150선물레버리지,"12,155",620,-4.85%,0,"23,103","12,615","12,615","12,130","12,140","12,170",284,"32,495","12,273","12,585","10,150",0.02,"1,235",N/A,N/A,N/A,N/A,N/A,N/A,N/A,N/A,N/A,N/A,N/A,N/A,N/A,N/A
775,한창제지,"2,050",10,+0.49%,500,"373,350","2,030","2,055","2,030","2,040","2,045",763,"308,545","116,408","170,721","59,667",1.43,"1,223","1,715","1,811",864,172,-5.47,106,230,20,58.96,8.91,11.72,6.00,1.16,217.5
776,TRUE 레버리지 S&P500 선물 ETN(H),"24,290",840,-3.34%,0,"152,507","24,910","24,925","23,990","24,285","24,295","3,723","3,438","249,879","249,917","5,000",0.00,"1,214",N/A,N/A,N/A,N/A,N/A,N/A,N/A,N/A,N/A,N/A,N/A,N/A,N/A,N/A
777,대림B&Co,"7,190",90,+1.27%,"1,000","58,543","7,100","7,250","7,020","7,180","7,190",418,"69,669","12,874","4,588","16,672",2.62,"1,199","2,324","3,263","1,685",17,-1.73,-18,364,130,-58.24,19.75,-1.06,-0.56,0.74,852.3
778,인천도시가스,"27,400",50,-0.18%,"5,000","18,102","27,550","27,750","27,300","27,550","27,650",496,"19,977","1,628","3,327","4,375",1.88,"1,199","5,045","3,402","1,485",108,-12.03,114,"2,132","1,250",-9.93,12.85,6.05,3.23,0.60,801.0
779,STX,"4,180",30,+0.72%,"2,500","95,016","4,155","4,225","4,075","4,165","4,170",395,"153,521","6,733","11,810","28,621",1.35,"1,196","9,756","6,176","5,358",-5,-33.35,-204,"-1,285",0,-117.67,-3.25,-48.03,-3.47,1.96,534.3
780,ARIRANG ESG가치주액티브,"8,830",115,-1.29%,0,"2,995","8,915","8,915","8,810","8,810","8,830",26,"1,838","35,038","19,664","13,500",0.15,"1,192",N/A,N/A,N/A,N/A,N/A,N/A,N/A,N/A,N/A,N/A,N/A,N/A,N/A,N/A
781,두올,"3,600",45,-1.23%,"2,500","560,907","3,720","3,765","3,565","3,580","3,590","2,051","427,938","32,330","10,308","33,067",1.11,"1,190","2,645","2,472",500,192,-4.61,148,697,90,2.48,5.98,7.20,6.11,0.52,"1,280.8"
782,대창단조,"4,160",15,+0.36%,500,"142,914","4,140","4,245","4,115","4,195","4,200",598,"135,109","5,327","15,581","28,572",6.86,"1,187","4,658","4,057","2,223",203,-0.02,57,420,80,-26.58,8.55,3.00,1.49,0.61,119.2
783,삼원강재,"2,965",15,-0.50%,500,"8,472","2,980","2,980","2,945","2,960","2,965",25,"23,271","9,401","9,562","40,000",0.68,"1,186","3,000","2,707",520,95,21.94,88,220,105,-4.44,13.48,4.08,3.33,0.54,993.4
784,삼성공조,"14,550",300,-2.02%,500,"3,206","14,800","14,800","14,500","14,550","14,600",46,"10,656","5,531","2,870","8,126",1.65,"1,182",638,"2,582",356,-13,-15.23,54,"1,157",80,68.14,12.58,2.46,2.09,0.52,"5,301.9"
785,삼호개발,"4,725",55,+1.18%,500,"38,821","4,730","4,790","4,655","4,725","4,740",182,"56,386","5,528","14,776","25,000",5.55,"1,180","3,634","3,128","1,014",136,-0.33,188,711,190,-42.17,6.64,9.26,6.14,0.49,"1,637.9"
786,오리엔트바이오,992,18,-1.78%,500,"819,965","1,020","1,020",989,990,991,819,"1,349,854","84,481","76,673","118,583",0.68,"1,176",520,710,214,23,39.79,-153,-55,N/A,118.68,-18.04,-29.70,-20.76,2.23,-15.4
787,시디즈,"58,500",300,-0.51%,500,693,"58,600","59,000","58,400","58,500","58,600",40,755,908,311,"2,000",2.59,"1,170","2,275",958,470,197,17.94,173,"8,491",300,128.41,6.89,42.92,21.30,1.63,"5,152.0"
788,계양전기,"3,585",0,0.00%,500,0,0,0,0,0,0,0,0,0,0,"32,600",3.52,"1,169","3,797","2,923",997,28,1.24,100,190,35,-13.48,18.87,5.30,3.49,0.60,"1,033.9"
789,남광토건,"11,850",200,-1.66%,"5,000","12,144","12,050","12,050","11,800","11,850","11,900",144,"32,416","5,320","8,921","9,829",1.35,"1,168",737,879,367,38,3.89,30,196,N/A,294.33,114.80,6.06,3.35,2.23,99.7
790,조비,"22,400","1,500",+7.18%,"5,000","3,453,553","21,050","25,450","21,050","22,200","22,250","82,527","57,853","29,157","6,349","5,192",0.86,"1,165","2,380","2,040","1,377",152,0.75,138,"1,776",0,215.61,6.67,23.10,6.77,1.52,110.4
791,삼일제약,"8,570",30,-0.35%,500,"65,591","8,740","8,750","8,510","8,560","8,570",563,"248,190","14,570","4,835","13,537",2.45,"1,160","1,230","1,917","1,281",65,1.56,13,-206,75,35.57,-41.60,2.13,0.71,1.50,922.9
792,보락,"1,930",5,-0.26%,200,"115,535","1,950","1,950","1,910","1,930","1,935",222,"234,316","42,830","56,636","59,900",2.70,"1,156",383,541,101,1,6.00,4,27,4,-77.15,71.48,0.90,0.72,2.55,267.9
793,SK우,"204,000","2,000",-0.97%,200,711,"204,500","205,000","201,000","203,000","203,500",144,670,453,64,566,0.71,"1,155",N/A,N/A,N/A,N/A,N/A,N/A,"8,557",N/A,N/A,23.84,N/A,N/A,0.52,N/A
794,휴니드,"8,160",120,-1.45%,"5,000","161,693","8,290","8,300","8,100","8,110","8,130","1,318","386,230","21,950","7,172","14,116",26.01,"1,152","1,981","2,505","1,312",106,1.75,57,"1,373",N/A,20.73,5.94,4.86,2.23,0.82,81.1
795,크라운제과,"9,180",50,-0.54%,200,"14,394","9,160","9,220","9,110","9,140","9,150",131,"65,127","8,831","1,565","12,524",2.17,"1,150","3,815","3,270","1,744",235,-1.31,162,959,250,-11.57,9.56,11.00,4.91,0.73,"5,813.4"
796,KODEX 단기변동금리부채권액티브,"103,215",0,0.00%,0,440,"103,220","103,220","103,215","103,215","103,220",45,"4,348","9,085","10,377","1,108",0.10,"1,144",N/A,N/A,N/A,N/A,N/A,N/A,N/A,N/A,N/A,N/A,N/A,N/A,N/A,N/A
797,KINDEX 미국WideMoat가치주,"17,810",205,-1.14%,0,"19,821","17,960","18,005","17,660","17,790","17,815",354,"9,225",826,"26,431","6,400",0.00,"1,140",N/A,N/A,N/A,N/A,N/A,N/A,N/A,N/A,N/A,N/A,N/A,N/A,N/A,N/A
798,조흥,"189,500","2,500",-1.30%,"5,000",33,"190,500","192,000","189,500","189,500","191,500",6,146,141,141,600,0.00,"1,137","2,226","2,483","1,151",118,14.12,75,"26,124","6,000",-4.56,7.25,5.72,3.22,0.79,"4,341.0"
799,아모레G우,"17,600",150,-0.85%,500,"5,632","17,750","17,900","17,550","17,550","17,600",99,"6,387","1,260","4,345","6,444",40.61,"1,134",N/A,N/A,N/A,N/A,N/A,N/A,"1,781",N/A,N/A,9.88,N/A,N/A,0.47,N/A
800,상상인증권,"1,160",15,-1.28%,"1,000","107,700","1,185","1,185","1,160","1,160","1,165",126,"241,086","106,182","108,725","97,506",0.90,"1,131",364,"5,133","3,400",29,6.70,154,"3,400",125,-29.10,2.14,12.93,4.54,0.71,"1,342.2"
N,종목명,현재가,전일비,등락률,액면가,거래량,시가,고가,저가,매수호가,매도호가,거래대금,전일거래량,매수총잔량,매도총잔량,상장주식수,외국인비율,시가총액,매출액,자산총계,부채총계,영업이익,매출액증가율,당기순이익,주당순이익,보통주배당금,영업이익증가율,PER,ROE,ROA,PBR,유보율
801,상상인증권,"1,160",15,-1.28%,"1,000","108,012","1,185","1,185","1,160","1,160","1,165",126,"241,086","105,979","108,725","97,506",0.90,"1,136",364,"5,133","3,400",29,6.70,154,"3,400",125,-29.10,2.14,12.93,4.54,0.71,"1,342.2"
802,두산2우B,"125,500","3,000",-2.33%,"5,000","13,085","130,500","137,000","122,000","123,500","124,500","1,678","33,446",886,193,893,0.01,"1,121",N/A,N/A,N/A,N/A,N/A,N/A,"-1,736",N/A,N/A,-72.29,N/A,N/A,1.12,N/A
803,덕양산업,"3,435",55,-1.58%,500,"88,481","3,480","3,480","3,420","3,445","3,450",304,"259,747","30,213","14,416","32,565",0.62,"1,119","12,920","5,130","4,573",-5,-4.96,-90,33,0,90.55,104.09,-12.70,-1.76,2.11,36.4
804,콤텍시스템,924,1,+0.11%,500,"509,189",926,931,913,924,925,470,"475,718","80,896","69,722","121,051",1.38,"1,119","2,386","1,857",861,17,N/A,-4,-3,0,N/A,-308.00,N/A,N/A,0.82,179.6
805,대구백화점,"10,300",200,+1.98%,"5,000","2,146","10,450","10,450","10,000","10,200","10,300",21,"4,304",755,"5,984","10,822",0.57,"1,115",911,"5,087","2,463",-176,-10.22,-178,"-2,070",100,-23.28,-4.98,-6.63,-3.01,0.35,404.8
806,태평양물산,"2,310",10,-0.43%,500,"115,966","2,335","2,335","2,305","2,305","2,310",268,"188,860","46,470","16,559","48,150",1.85,"1,112","7,850","6,760","4,987",-20,-19.21,-124,-340,N/A,-104.55,-6.79,-7.14,-1.92,0.71,451.5
807,CJ우,"49,100",400,-0.81%,"5,000",456,"49,450","49,500","49,000","49,150","49,200",22,"1,354",590,519,"2,260",8.34,"1,110",N/A,N/A,N/A,N/A,N/A,33,540,220,-48.30,20.56,3.84,3.25,0.93,"1,970.9"
808,남성,"3,055",35,-1.13%,500,"91,451","3,100","3,100","3,020","3,045","3,050",280,"189,454","20,928","9,533","36,212",1.44,"1,108",92,"1,682",547,89,207.15,N/A,"1,154",N/A,N/A,42.55,N/A,N/A,0.32,N/A
809,이지스레지던스리츠,"5,370",10,+0.19%,"1,000","20,267","5,360","5,380","5,320","5,360","5,370",108,"16,862","29,459","22,042","20,600",0.75,"1,106",925,"1,933","1,178",-25,26.84,81,393,N/A,244.81,13.69,7.32,5.53,0.98,450.8
810,제일연마,"11,050",0,0.00%,500,"304,732","10,850","11,350","10,750","11,000","11,050","3,364","2,519,707","41,961","33,112","10,000",4.11,"1,105",732,987,128,36,-9.75,-162,-318,35,-632.45,-9.61,-19.75,-8.13,1.26,322.4
811,새론오토모티브,"5,750",50,-0.86%,500,"4,409","5,800","5,840","5,730","5,760","5,770",25,"35,018","3,786","2,396","19,200",66.62,"1,104","1,357","2,481",302,-27,-11.17,62,754,150,28.66,7.63,2.86,2.44,0.47,"2,192.0"
812,토니모리,"4,585",40,-0.86%,200,"181,251","4,655","4,690","4,575","4,580","4,585",655,"604,626","32,084","9,296","41,609",2.65,"1,103","9,497","21,950","15,501",273,-15.49,-378,"-1,012",50,-60.38,-2.62,-9.21,-18.21,1.31,"1,784.9"
813,무림페이퍼,"2,650",50,-1.85%,"2,500","247,164","2,700","2,700","2,620","2,645","2,650",839,"494,921","12,848","25,364","24,055",0.16,"1,102","1,135","1,942","1,257",-255,-34.05,-396,-607,0,"-9,184.26",-7.55,-46.89,-1.74,0.28,274.6
814,서울식품,293,1,-0.34%,100,"1,403,700",296,297,292,292,293,413,"2,082,445","572,819","1,138,035","372,317",2.28,"1,091",616,748,464,7,-0.94,112,143,0,"-2,876.72",9.41,20.12,10.78,0.93,185.1
815,우리들휴브레인,"1,340",15,-1.11%,500,"97,845","1,355","1,355","1,330","1,335","1,340",130,"131,990","68,050","19,792","81,323",0.98,"1,090",269,"1,383",622,-24,-52.10,-25,-17,0,107.27,-17.24,-9.36,-3.31,4.01,-22.1
816,대현,"2,455",45,-1.80%,500,"483,401","2,490","2,500","2,450","2,460","2,465","1,193","1,131,579","59,329","25,625","44,282",9.14,"1,087","2,532","2,529",494,71,-15.48,90,268,40,-64.78,9.16,4.48,3.49,0.52,656.0
817,삼영화학,"3,195",35,-1.08%,500,"157,985","3,230","3,250","3,185","3,185","3,190",505,"243,607","49,097","17,203","34,000",2.82,"1,086","1,177","1,090",632,13,5.86,12,44,N/A,245.41,72.61,0.49,1.07,2.32,161.2
818,KBSTAR Fn5G테크,"9,695",100,-1.02%,0,"6,855","9,795","9,795","9,660","9,680","9,695",66,"14,571","14,833","32,553","11,150",0.25,"1,081",N/A,N/A,N/A,N/A,N/A,N/A,N/A,N/A,N/A,N/A,N/A,N/A,N/A,N/A
819,핸즈코퍼레이션,"4,935",0,0.00%,500,"3,300","4,995","4,995","4,865","4,885","4,920",16,"5,811","2,876","1,508","21,863",0.15,"1,079","5,727","8,441","5,294",-52,-7.29,45,105,15,-47.67,23.71,4.67,2.81,1.01,367.7
820,광명전기,"2,485",5,+0.20%,500,"497,827","2,460","2,560","2,460","2,470","2,480","1,247","787,947","36,832","31,629","43,338",2.74,"1,077","1,235","1,659",561,42,-6.31,-82,"-2,183",0,-127.85,-2.26,-2.52,-0.97,0.41,"2,841.8"
821,신영와코루,"119,500",500,-0.42%,"5,000",23,"119,500","119,500","118,500","119,000","119,500",2,743,408,497,900,26.04,"1,076","1,780","3,734",563,5,-0.05,29,"6,341","1,500",139.45,18.85,0.93,0.81,0.33,"6,850.1"
822,TIGER 200선물인버스2X,"2,630",80,+3.14%,0,"3,895,390","2,570","2,645","2,570","2,630","2,635","10,188","3,366,474","3,857,399","3,868,690","40,700",2.60,"1,070",N/A,N/A,N/A,N/A,N/A,N/A,N/A,N/A,N/A,N/A,N/A,N/A,N/A,N/A
823,사조씨푸드,"6,210",320,-4.90%,"1,000","2,518,092","6,530","6,720","6,180","6,200","6,210","16,419","3,980,687","61,888","17,131","17,219",1.31,"1,068","2,145","3,116","1,008",108,-38.53,-639,"-2,467",0,-625.52,-2.46,-148.07,2.38,0.47,"1,158.4"
824,엔에이치스팩19호,"2,080",0,0.00%,100,"35,406","2,070","2,085","2,070","2,075","2,080",73,"67,232","225,971","43,880","51,290",2.63,"1,067",N/A,N/A,N/A,N/A,N/A,78,484,0,10.89,12.81,3.78,-20.82,2.09,58.2
825,KC코트렐,"6,060",0,0.00%,500,"45,251","6,070","6,130","5,970","6,070","6,090",274,"62,444","5,216","11,339","17,600",1.15,"1,067","3,279","2,819","2,696",-447,9.10,N/A,N/A,N/A,N/A,N/A,N/A,N/A,1.07,N/A
826,인팩,"10,650",150,-1.39%,500,"18,785","10,900","10,950","10,450","10,600","10,650",199,"24,450","11,547","7,118","10,000",1.86,"1,065","3,842","3,198","2,053",130,6.48,57,736,150,"3,071.87",14.47,3.55,1.86,1.04,"1,896.1"
827,대신 철광석 선물 ETN(H),"53,040",535,-1.00%,0,382,"54,715","54,715","53,040","53,080","53,400",20,612,"6,726","100,024","2,000",0.00,"1,060",N/A,N/A,N/A,N/A,N/A,N/A,N/A,N/A,N/A,N/A,N/A,N/A,N/A,N/A
828,국제약품,"5,490",100,+1.86%,"1,000","3,513,182","5,420","6,360","5,340","5,480","5,490","20,940","53,939","43,510","8,674","19,276",1.86,"1,057",N/A,N/A,N/A,N/A,N/A,N/A,N/A,N/A,N/A,N/A,N/A,N/A,N/A,N/A
829,한국ANKOR유전,"1,510",5,+0.33%,0,"6,117","1,530","1,530","1,510","1,510","1,515",9,"54,284","20,859","11,355","70,020",0.00,"1,057","3,756","5,304","3,850",253,-30.71,90,"1,268",300,15.45,5.03,6.27,1.75,0.70,793.4
830,지투알,"6,380",40,-0.62%,"1,000","30,322","6,370","6,420","6,250","6,350","6,380",192,"17,280","14,698","5,837","16,567",33.47,"1,056","1,304","1,456",751,60,17.34,22,-98,N/A,8.45,-55.92,3.35,1.57,1.40,136.9
831,TIGER 200 건설,"3,050",20,+0.66%,0,"549,864","3,035","3,060","3,020","3,045","3,050","1,679","832,076","109,057","103,631","34,440",0.23,"1,050",N/A,N/A,N/A,N/A,N/A,N/A,N/A,N/A,N/A,N/A,N/A,N/A,N/A,N/A
832,ARIRANG 코스피TR,"13,955",185,-1.31%,0,34,"14,050","14,050","13,930","13,925","13,955",0,"11,030","24,048","24,059","7,500",0.02,"1,047",N/A,N/A,N/A,N/A,N/A,N/A,N/A,N/A,N/A,N/A,N/A,N/A,N/A,N/A
833,써니전자,"2,990",20,-0.66%,500,"2,326,595","3,025","3,095","2,975","2,980","2,985","7,060","10,202,172","59,122","25,603","34,845",2.87,"1,042",164,654,16,12,-35.89,58,143,N/A,-71.57,20.94,9.92,9.20,1.54,247.4
834,대우부품,"2,180",30,-1.36%,500,"69,313","2,180","2,205","2,170","2,175","2,180",151,"269,295","33,487","23,203","47,646",3.39,"1,039",759,920,571,-10,42.15,-36,-45,N/A,-0.20,-48.44,-10.09,-4.28,2.88,12.8
835,화인베스틸,"3,510",35,+1.01%,500,"184,453","3,510","3,560","3,455","3,520","3,525",647,"284,638","20,199","24,322","29,550",3.92,"1,037",986,"1,778","1,015",-130,-26.82,-155,-533,N/A,-358.23,-6.59,-18.43,-7.99,1.46,382.8
836,인터지스,"3,480",125,+3.73%,500,"122,902","3,375","3,485","3,355","3,365","3,370",418,"135,245","26,590","6,208","29,748",1.68,"1,035","2,925","2,721","1,649",15,-5.57,-175,-41,200,-92.04,-265.85,-14.99,-6.22,0.72,"2,768.8"
837,호전실업,"10,900",150,+1.40%,500,"146,068","10,800","10,900","10,350","10,800","10,850","1,559","467,286","23,013","42,587","9,494",3.41,"1,031",N/A,N/A,N/A,N/A,N/A,N/A,N/A,N/A,N/A,N/A,N/A,N/A,N/A,N/A
838,삼성 인버스 2X 천연가스 선물 ETN B,"2,945",40,+1.38%,0,"734,022","2,990","3,000","2,810","2,950","2,955","2,167","1,162,989","541,642","505,668","35,000",0.00,"1,028","4,583","3,860","1,968",77,-4.15,46,693,0,18.17,4.99,2.81,1.14,0.48,"1,072.5"
839,SOL KIS단기통안채,"100,755",0,0.00%,0,2,"100,760","100,760","100,755","100,755","100,760",0,1,"6,000","5,999","1,018",0.00,"1,026",N/A,N/A,N/A,N/A,N/A,N/A,N/A,N/A,N/A,N/A,N/A,N/A,N/A,N/A
840,KODEX 장기종합채권(AA-이상)액티브KAP,"92,160",455,-0.49%,0,28,"92,165","92,165","92,160","92,205","92,640",2,11,"3,005","2,002","1,112",0.00,"1,025",N/A,N/A,N/A,N/A,N/A,N/A,N/A,N/A,N/A,N/A,N/A,N/A,N/A,N/A
841,서원,"2,155",10,+0.47%,500,"2,741,859","2,145","2,230","2,125","2,140","2,145","5,963","4,536,742","135,330","55,423","47,475",3.81,"1,023","2,381","2,260","1,204",81,-7.61,-57,240,0,1.08,8.96,-5.38,-2.52,0.86,196.8
842,신한 레버리지 은 선물 ETN(H),"10,200",125,-1.21%,0,"29,697","10,170","10,365","10,145","10,205","10,210",303,"60,434","118,578","115,358","10,000",0.00,"1,020",N/A,N/A,N/A,N/A,N/A,N/A,N/A,N/A,N/A,N/A,N/A,N/A,N/A,N/A
843,가온전선,"24,450",200,+0.82%,"5,000","5,423","24,350","24,450","24,000","24,400","24,450",131,"8,537","1,054","5,352","4,160",2.45,"1,017","8,574","5,425","2,789",127,3.27,95,"1,604",600,77.71,15.24,3.65,1.80,0.36,"1,204.7"
844,에넥스,"1,695",40,-2.31%,500,"524,197","1,770","1,770","1,695","1,700","1,705",903,"1,196,882","71,414","19,208","59,992",3.44,"1,017","2,337","1,129",677,-85,-35.73,-89,-185,N/A,-200.81,-9.16,-17.89,-7.26,1.94,71.0
845,지엠비코리아,"5,330",90,-1.66%,500,"16,250","5,420","5,470","5,320","5,330","5,350",87,"25,458","8,015","6,388","19,072",55.75,"1,017","4,458","4,885","2,604",-97,-6.65,-80,318,N/A,-213.47,16.76,-3.69,-1.63,0.45,"2,231.5"
846,조광페인트,"7,910",10,+0.13%,500,"12,265","7,850","7,950","7,780","7,890","7,900",96,"23,380","3,023","3,749","12,800",1.04,"1,012","2,013","3,500","1,476",-48,-1.01,45,"-1,008",200,"-1,212.69",-7.85,2.38,1.35,0.42,"2,800.0"
847,KODEX 미국나스닥100레버리지(합성 H),"7,080",340,-4.58%,0,"2,179,436","7,270","7,270","6,915","7,060","7,070","15,365","745,649","91,214","232,486","14,200",0.74,"1,005",N/A,N/A,N/A,N/A,N/A,N/A,N/A,N/A,N/A,N/A,N/A,N/A,N/A,N/A
848,한솔로지스틱스,"3,650",120,+3.40%,500,"622,259","3,530","3,675","3,480","3,645","3,655","2,249","131,657","31,207","41,445","27,477",4.05,"1,003","7,470","2,666","1,880",303,46.59,-101,-626,0,11.17,-2.44,-63.51,-14.46,0.66,-64.9
849,지코,"1,530",0,0.00%,500,0,0,0,0,0,0,0,0,0,0,"65,497",0.63,"1,002",771,648,533,-42,-3.43,235,855,60,131.75,4.26,35.28,10.16,1.27,925.0
850,KODEX 은선물(H),"5,150",25,-0.48%,0,"198,447","5,140","5,190","5,130","5,145","5,155","1,022","345,909","93,804","130,444","19,400",0.03,999,N/A,N/A,N/A,N/A,N/A,N/A,N/A,N/A,N/A,N/A,N/A,N/A,N/A,N/A
N,종목명,현재가,전일비,등락률,액면가,거래량,시가,고가,저가,매수호가,매도호가,거래대금,전일거래량,매수총잔량,매도총잔량,상장주식수,외국인비율,시가총액,매출액,자산총계,부채총계,영업이익,매출액증가율,당기순이익,주당순이익,보통주배당금,영업이익증가율,PER,ROE,ROA,PBR,유보율
851,TIGER 코스피,"28,030",375,-1.32%,0,"8,461","28,345","28,345","27,955","28,050","28,065",237,"48,638","30,138","25,596","3,550",0.03,995,N/A,N/A,N/A,N/A,N/A,N/A,N/A,N/A,N/A,N/A,N/A,N/A,N/A,N/A
852,DRB동일,"4,980",90,-1.78%,500,"13,476","5,060","5,080","4,970","4,980","4,985",67,"9,163","3,344","1,149","19,930",1.29,993,"4,966","7,764","3,128",210,-9.21,63,-441,50,-20.49,-11.29,0.66,0.82,0.27,"4,588.0"
853,TIGER 200선물레버리지,"15,000",520,-3.35%,0,"65,741","15,440","15,440","14,920","15,005","15,010",991,"71,581","14,850","13,078","6,600",0.00,989,N/A,N/A,N/A,N/A,N/A,N/A,N/A,N/A,N/A,N/A,N/A,N/A,N/A,N/A
854,현대코퍼레이션홀딩스,"10,850",100,-0.91%,"5,000","3,244","10,950","10,950","10,750","10,800","10,850",35,"9,465","11,484","4,394","9,101",4.45,987,"1,516","2,169",400,101,-17.58,176,"2,140",500,8.82,5.07,9.98,7.70,0.48,390.6
855,미래에셋맵스리츠,"4,890",0,0.00%,"1,000","7,203","4,905","4,905","4,880","4,880","4,890",35,"43,258","33,576","44,145","20,100",0.60,983,58,"2,935","2,001",31,0.96,6,29,121,-15.85,168.62,0.62,0.20,1.05,364.5
856,KOSEF 단기자금,"101,135",0,0.00%,0,80,"101,130","101,135","101,130","101,130","101,135",8,"1,525","14,986","11,254",966,0.00,977,N/A,N/A,N/A,N/A,N/A,N/A,N/A,N/A,N/A,N/A,N/A,N/A,N/A,N/A
857,KODEX 차이나CSI300,"13,935",50,-0.36%,0,"7,991","13,875","14,005","13,875","13,920","13,930",111,"12,833",673,"12,717","7,000",0.00,975,364,"1,231",131,5,-12.89,19,-47,480,-83.77,-213.83,1.69,1.49,0.54,"2,759.7"
858,사조오양,"10,350",100,-0.96%,"5,000","41,768","10,550","10,650","10,200","10,300","10,350",58,"3,905","4,889","4,678","9,703",1.07,975,N/A,N/A,N/A,N/A,N/A,N/A,N/A,N/A,N/A,N/A,N/A,N/A,N/A,N/A
859,텔코웨어,"10,050",150,-1.47%,500,"5,764","10,100","10,250","10,050","10,100","10,150",926,"60,130","1,755","11,766","3,360",0.39,972,N/A,N/A,N/A,N/A,N/A,13,-9,0,-51.56,-46.78,1.34,0.65,0.87,-6.1
860,TIGER 차이나CSI300레버리지(합성),"28,930",285,-0.98%,0,"31,908","29,125","29,280","28,790","28,935","29,000",189,"858,137","196,087","53,751","231,212",1.87,971,"1,249","1,977",903,96,-15.07,N/A,N/A,N/A,N/A,N/A,N/A,N/A,N/A,N/A
861,큐로,420,6,-1.41%,500,"449,964",426,429,419,422,423,435,"75,582","11,570","12,547","9,423",1.71,971,"3,276","3,187","1,340",267,4.47,185,"1,182",150,18.18,8.71,10.48,5.86,0.51,378.5
862,KTcs,"2,265",5,-0.22%,500,"56,093","2,270","2,270","2,240","2,255","2,260",126,"104,597","24,462","24,479","42,685",9.99,967,"9,317","3,849","2,152",179,-1.39,113,401,80,57.48,5.65,6.64,2.97,0.52,610.0
863,국보,"1,450",20,-1.36%,500,"611,404","1,470","1,475","1,425","1,445","1,455",881,"1,097,483","234,166","80,319","66,542",1.22,965,"1,099",908,600,-108,23.39,-205,-272,0,"-1,015.47",-5.33,-67.86,-19.91,2.57,25.1
864,KODEX 미국달러선물,"10,705",60,+0.56%,0,"122,394","10,670","10,720","10,670","10,710","10,715","1,309","74,320","66,084","103,832","9,010",0.06,965,N/A,N/A,N/A,N/A,N/A,N/A,N/A,N/A,N/A,N/A,N/A,N/A,N/A,N/A
865,동방아그로,"7,080",120,+1.72%,500,"192,573","6,970","7,200","6,970","7,060","7,070","1,370","32,800","14,781","19,057","13,618",31.19,964,"1,295","1,960",542,93,3.91,67,491,370,19.79,14.42,4.84,3.45,0.59,"2,071.5"
866,부산산업,"91,200","1,500",+1.67%,"5,000","10,559","91,900","94,900","90,700","90,700","91,300",976,"2,730",534,494,"1,056",2.18,963,"1,156","1,290",476,55,-17.97,41,"-1,245",250,-35.96,-73.25,4.33,3.11,1.72,991.5
867,웰바이오텍,"1,640",5,+0.31%,500,"325,961","1,655","1,660","1,590","1,635","1,640",530,"376,275","71,225","70,208","58,677",0.79,962,604,709,514,-126,15.48,-678,-802,0,-95.02,-2.04,-141.53,-71.12,2.22,-29.7
868,까뮤이앤씨,"2,125",20,-0.93%,500,"1,015,128","2,150","2,180","2,105","2,105","2,110","2,179","5,111,573","110,747","32,582","45,152",5.81,959,"1,617","1,662",835,28,-42.94,N/A,N/A,N/A,N/A,N/A,N/A,N/A,N/A,N/A
869,HANARO e커머스,"16,115",170,-1.04%,0,"1,265","16,195","16,210","16,060","16,115","16,140",20,"9,452","14,755","29,325","5,950",0.00,959,N/A,N/A,N/A,N/A,N/A,110,415,N/A,4.85,9.30,14.51,5.49,1.15,204.1
870,동일고무벨트,"6,880",10,-0.15%,500,"3,881","6,930","6,940","6,800","6,870","6,880","2,383","1,759,892","58,833","10,847","24,832",5.80,959,"1,444","1,581",765,120,-47.72,92,-18,20,-81.02,-117.78,11.98,2.61,0.47,"2,828.9"
871,범양건영,"3,850",80,-2.04%,"1,000","606,661","3,955","4,070","3,845","3,855","3,860",26,"5,319","3,281","5,241","13,900",2.00,956,"2,432","2,758",759,148,-7.15,73,320,107,2.34,21.50,3.70,7.40,1.12,288.7
872,영흥,943,9,-0.95%,500,"156,253",952,954,938,939,940,147,"215,985","38,754","43,639","101,310",0.80,955,"2,047","3,377","1,911",-251,3.66,-227,-124,20,-838.37,-7.60,-12.89,-7.02,0.40,434.4
873,화승코퍼레이션,"1,905",15,-0.78%,500,"63,203","1,900","1,915","1,880","1,890","1,895",119,"108,148","73,085","13,664","50,051",2.73,953,"13,133","11,839","9,632",137,-15.38,-408,-687,25,-78.85,-2.77,-17.15,-3.40,0.49,525.1
874,비상교육,"7,320",20,-0.27%,500,"15,067","7,380","7,460","7,200","7,260","7,270",14,"1,962",331,260,"2,154",4.62,950,"1,403","2,461","1,019",95,20.94,15,"1,426","1,250",4.58,30.93,1.03,4.92,0.86,157.7
875,삼화왕관,"44,100",50,-0.11%,"5,000",331,"43,900","44,300","43,700","43,800","44,100","1,322","629,847","121,208","47,039","54,902",1.89,950,"3,386","2,032","1,776",-72,-4.16,-78,47,N/A,-212.40,36.81,-26.40,0.62,0.56,"1,317.6"
876,평화산업,"1,730",20,+1.17%,500,"762,056","1,685","1,780","1,655","1,725","1,730",170,"286,169","126,512","167,428","72,688",2.00,949,"1,262","2,858","1,822",153,16.05,112,161,50,-14.48,8.11,12.01,-3.92,3.50,-63.7
877,유니켐,"1,305",0,0.00%,500,"130,669","1,300","1,315","1,290","1,300","1,305",110,"49,664","5,415","1,347","12,997",6.90,947,"1,723","2,632",673,-149,-13.58,-149,321,150,-167.72,22.71,-7.24,-5.43,0.47,"3,176.4"
878,만호제강,"22,800",50,-0.22%,"1,000",987,"22,650","23,100","22,650","22,800","22,950",22,"6,030",962,"2,651","4,150",5.42,946,"1,961","2,582",252,13,-0.15,9,799,200,443.17,28.54,0.37,0.34,0.29,"5,933.5"
879,KC그린홀딩스,"4,160",20,-0.48%,500,"29,850","4,175","4,195","4,125","4,165","4,175",124,"31,171","5,215","11,060","22,435",2.58,933,"6,804","7,590","5,438",-479,-2.65,-789,-685,40,-322.76,-6.07,-22.99,-10.02,0.58,"1,130.1"
880,한일철강,"3,475",0,0.00%,500,"66,838","3,475","3,595","3,445","3,475","3,480",233,"59,019","12,652","3,927","26,697",1.58,933,"1,571","2,951","1,463",-42,-9.19,-48,762,0,42.07,4.59,-3.30,-1.56,0.51,"1,107.0"
881,한국수출포장,"23,100",0,0.00%,"5,000",877,"23,250","23,250","22,950","23,050","23,100",20,"3,929","2,758",535,"4,000",5.13,922,"2,648","3,091",565,109,-2.49,84,"3,823",600,-43.52,6.03,3.34,2.90,1.28,"1,065.6"
882,우진플라임,"4,610",85,-1.81%,500,"17,349","4,695","4,720","4,605","4,625","4,630",81,"61,486",945,"5,069","20,000",7.57,922,"2,050","2,676","2,068",94,12.76,78,831,50,213.24,5.55,13.70,2.71,0.34,"1,168.6"
883,진양폴리,"9,210",130,-1.39%,500,"171,671","9,340","9,460","9,100","9,180","9,220","1,583","481,087","6,681","6,234","10,000",4.79,921,371,448,179,22,5.71,16,234,125,-27.74,39.27,6.03,3.66,3.29,438.3
884,DSR,"5,670",40,-0.70%,500,"75,717","5,700","5,770","5,610","5,650","5,660",90,"42,976","24,746","57,584","18,660",0.37,908,41,945,3,39,52.75,39,208,123,93.14,23.39,4.15,4.13,0.96,910.0
885,NH프라임리츠,"4,860",5,+0.10%,500,"18,584","4,855","4,870","4,855","4,860","4,865",428,"59,256","13,132","11,794","16,000",4.19,907,"2,310","2,529",900,121,-2.26,90,791,50,13.29,7.17,5.67,3.64,0.51,"1,919.7"
886,KBSTAR 국고채3년선물인버스,"101,380",25,-0.02%,0,7,"101,435","101,455","101,380","101,370","101,410",0,19,"11,000","10,994",891,0.00,903,N/A,N/A,N/A,N/A,N/A,N/A,N/A,N/A,N/A,N/A,N/A,N/A,N/A,N/A
887,문배철강,"4,400",85,+1.97%,500,"1,169,545","4,315","4,525","4,315","4,395","4,400","5,206","1,066,875","31,162","38,705","20,504",0.21,902,"1,527","1,877",686,28,-6.08,86,"1,124",50,7.61,3.91,7.48,4.50,0.63,"1,061.3"
888,아센디오,"1,120",25,-2.18%,500,"132,059","1,135","1,150","1,115","1,115","1,120",148,"145,495","104,603","64,755","80,509",0.00,902,216,274,74,-41,-28.33,-59,34,0,50.23,32.94,-124.63,-14.04,3.66,30.1
889,대신 WTI원유 선물 ETN(H),"11,270",540,-4.57%,0,"1,877","11,285","11,550","11,170","11,270","11,340",21,"1,945","100,008","140,003","8,000",0.00,902,N/A,N/A,N/A,N/A,N/A,N/A,N/A,N/A,N/A,N/A,N/A,N/A,N/A,N/A
890,TRUE 레버리지 천연가스 선물 ETN(H),"9,015",200,-2.17%,0,"482,467","8,875","9,470","8,875","9,010","9,015","4,384","383,148","254,205","259,267","10,000",0.00,902,N/A,N/A,N/A,N/A,N/A,N/A,N/A,N/A,N/A,N/A,N/A,N/A,N/A,N/A
891,천일고속,"62,500","1,000",-1.57%,"5,000",589,"63,600","63,600","62,100","62,400","62,900",36,522,420,117,"1,429",0.05,893,312,670,291,-100,-47.75,-68,-326,"3,000","-1,882.60",-191.72,-15.21,-9.20,2.44,209.1
892,KODEX 미국나스닥100선물(H),"17,645",430,-2.38%,0,"91,750","17,890","18,175","17,460","17,640","17,645","1,615","51,017","17,576","17,091","5,050",0.10,891,N/A,N/A,N/A,N/A,N/A,N/A,N/A,N/A,N/A,N/A,N/A,N/A,N/A,N/A
893,TIGER 미국다우존스30,"20,390",140,-0.68%,0,"35,254","20,570","20,585","20,250","20,385","20,395",720,"19,898",717,"89,419","4,340",0.00,885,N/A,N/A,N/A,N/A,N/A,N/A,N/A,N/A,N/A,N/A,N/A,N/A,N/A,N/A
894,세하,"1,530",25,-1.61%,"1,000","76,165","1,550","1,550","1,525","1,530","1,535",116,"98,369","57,495","37,304","57,563",0.82,881,"1,895","1,895","1,018",211,6.68,133,164,N/A,49.29,9.33,21.14,7.04,0.91,22.5
895,윌비스,"1,300",40,-2.99%,"1,000","524,130","1,335","1,335","1,295","1,295","1,305",686,"562,070","379,385","102,893","67,236",7.42,874,"2,396","2,848","1,857",24,-11.13,-24,-118,0,112.08,-11.02,-2.43,-8.68,0.63,270.0
896,한국전자홀딩스,"1,865",45,-2.36%,500,"226,189","1,905","1,910","1,865","1,865","1,875",425,"376,261","68,660","44,703","46,803",7.19,873,"2,215","4,122","2,047",-2,2.05,-348,475,0,98.38,3.93,-5.36,-0.87,0.76,53.0
897,우성,"28,200",250,+0.89%,"5,000","14,051","27,950","28,900","27,950","28,000","28,250","1,112","380,515","9,583","24,527","20,000",2.53,871,"1,389","1,322",189,18,5.04,8,405,75,466.77,10.75,0.72,0.64,0.72,"1,037.0"
898,부국철강,"4,355",20,+0.46%,500,"255,196","4,355","4,400","4,290","4,310","4,315",668,"88,207","52,390","44,732","7,200",0.04,870,N/A,N/A,N/A,N/A,N/A,N/A,N/A,N/A,N/A,N/A,N/A,N/A,N/A,N/A
899,TIGER 미국채10년선물,"12,090",105,+0.88%,0,"55,128","11,990","12,175","11,990","12,090","12,095","1,807","951,547","19,355","8,772","12,000",5.77,870,433,383,107,2,-2.79,8,-21,N/A,107.15,-345.24,3.05,2.18,3.15,360.1
900,진양화학,"7,250",110,+1.54%,500,"251,105","7,130","7,360","7,070","7,210","7,230",400,"13,261","1,457","2,076","3,090",2.26,868,"3,886","3,135","1,361",45,14.01,57,"2,390",150,226.00,11.76,3.29,1.76,0.40,"1,089.7"
N,종목명,현재가,전일비,등락률,액면가,거래량,시가,고가,저가,매수호가,매도호가,거래대금,전일거래량,매수총잔량,매도총잔량,상장주식수,외국인비율,시가총액,매출액,자산총계,부채총계,영업이익,매출액증가율,당기순이익,주당순이익,보통주배당금,영업이익증가율,PER,ROE,ROA,PBR,유보율
901,화승알앤에이,"4,455",30,-0.67%,500,"11,060","4,480","4,480","4,415","4,460","4,465",49,"39,050","4,360","3,493","18,994",1.17,846,N/A,N/A,N/A,N/A,N/A,N/A,N/A,N/A,N/A,N/A,N/A,N/A,1.42,N/A
902,KODEX 200IT TR,"12,595",380,-2.93%,0,"1,220","12,900","12,900","12,595","12,585","12,615",15,"17,395","10,423","21,031","6,700",0.00,844,N/A,N/A,N/A,N/A,N/A,N/A,N/A,N/A,N/A,N/A,N/A,N/A,N/A,N/A
903,TIGER KRX바이오K-뉴딜,"6,960",140,-1.97%,0,"402,270","7,065","7,090","6,940","6,945","6,950","2,817","795,757","35,881","44,394","12,100",0.91,842,N/A,N/A,N/A,N/A,N/A,N/A,N/A,N/A,N/A,N/A,N/A,N/A,N/A,N/A
904,고려산업,"3,355",45,+1.36%,"1,000","2,079,320","3,330","3,515","3,295","3,335","3,340","7,170","296,189","79,726","11,837","24,939",0.73,837,"1,905","2,166","1,139",92,-1.02,68,288,35,57.99,11.65,6.91,0.04,2.13,-48.7
905,페이퍼코리아,"2,045",45,+2.25%,500,"176,743","2,005","2,060","1,985","2,045","2,050",357,"256,104","55,097","54,731","40,900",1.17,836,"4,841","5,089","4,808",346,82.22,2,131,0,"2,766.23",15.61,1.18,3.20,0.76,313.6
906,마니커,"1,305",5,+0.38%,500,"133,531","1,300","1,310","1,280","1,300","1,305",173,"227,989","88,444","102,905","63,511",3.57,829,"2,148","1,921","1,202",-309,-11.12,-352,-369,0,-105.86,-3.52,-44.06,-18.75,0.86,-36.3
907,한국프랜지,"2,705",15,-0.55%,"1,000","40,156","2,700","2,720","2,675","2,675","2,680",108,"95,073","55,349","32,658","30,450",4.05,822,"8,816","6,680","4,310",138,-7.60,114,635,50,-7.32,4.25,5.24,1.73,0.33,626.3
908,다스코,"4,870",30,-0.61%,500,"15,467","4,925","4,930","4,860","4,870","4,880",75,"35,284","4,458","6,936","16,877",1.72,822,"2,245","2,495","1,301",-72,3.82,-79,-628,0,-335.04,-7.75,-6.54,-3.40,0.66,"1,420.0"
909,SG글로벌,"1,825",5,+0.27%,500,"128,315","1,820","1,840","1,780","1,815","1,820",232,"135,774","122,468","12,890","44,964",1.87,821,578,"1,870",640,-6,-32.08,-56,-123,N/A,-111.80,-14.84,-4.45,-2.88,0.67,606.8
910,경동인베스트,"34,450",200,-0.58%,"5,000","1,222","34,700","34,750","34,300","34,350","34,450",42,"1,948","2,315",305,"2,365",12.90,815,"3,105","5,893","1,585",195,14.27,165,"6,142",500,-14.88,5.61,3.68,2.76,0.18,"5,909.1"
911,TIGER 미국S&P500레버리지(합성 H),"30,780",965,-3.04%,0,"12,634","31,540","31,540","30,275","30,740","30,745",388,"16,332",366,"5,242","2,640",0.00,813,N/A,N/A,N/A,N/A,N/A,N/A,N/A,N/A,N/A,N/A,N/A,N/A,N/A,N/A
912,코오롱인더우,"29,350",400,-1.34%,"5,000","3,859","29,750","29,900","29,150","29,300","29,350",113,"3,477","1,564",753,"2,768",13.61,812,N/A,N/A,N/A,N/A,N/A,N/A,"6,443",N/A,N/A,4.56,N/A,N/A,0.36,N/A
913,엔케이,"1,015",5,+0.50%,500,"124,836","1,010","1,015",999,"1,005","1,010",125,"191,446","57,093","130,746","79,983",2.04,809,"1,425","6,222",708,2,-9.17,246,"1,056",25,101.77,7.66,5.76,3.98,0.18,"8,645.9"
914,세원정공,"8,090",0,0.00%,500,0,0,0,0,0,0,0,0,0,0,"10,000",14.92,808,694,"1,402",507,-3,-5.88,0,2,N/A,96.81,505.00,-0.03,-0.03,0.86,172.4
915,영보화학,"4,020",65,-1.59%,500,"15,195","4,085","4,085","4,000","4,015","4,025",61,"21,620","6,503","4,424","20,000",52.13,804,"1,074","1,747",272,44,-18.16,27,199,75,-47.78,20.20,1.94,1.50,0.52,"1,369.9"
916,TIGER 경기방어,"10,005",65,-0.65%,0,"2,877","10,050","10,150","10,000","10,005","10,025",28,"3,624","28,231","19,963","8,020",0.00,802,N/A,N/A,N/A,N/A,N/A,N/A,N/A,N/A,N/A,N/A,N/A,N/A,N/A,N/A
917,CS홀딩스,"69,200",800,-1.14%,"5,000",735,"70,000","70,200","68,900","69,400","69,500",51,"2,427",373,318,"1,154",2.71,799,"1,316","3,237",282,159,-2.47,118,"10,759",500,-6.60,6.43,3.20,3.71,0.31,"4,150.2"
918,KTis,"2,285",40,-1.72%,500,"43,107","2,330","2,330","2,265","2,285","2,295",99,"45,340","21,408","23,647","34,802",4.95,795,"4,536","2,943","1,269",90,0.58,74,236,80,-34.56,9.68,4.40,2.44,0.42,916.1
919,에쓰씨엔지니어링,"2,535",55,-2.12%,500,"42,639","2,615","2,615","2,470","2,520","2,535",108,"134,631","26,256","10,573","31,121",0.32,789,725,686,489,-20,23.38,-11,-313,0,-297.24,-8.10,-5.06,-0.51,2.53,70.1
920,KODEX 건설,"3,415",20,+0.59%,0,"328,788","3,395","3,425","3,375","3,395","3,405","1,118","535,898","70,456","40,199","23,100",0.18,789,N/A,N/A,N/A,N/A,N/A,N/A,N/A,N/A,N/A,N/A,N/A,N/A,N/A,N/A
921,동양피스톤,"5,970",70,-1.16%,500,"55,996","6,040","6,080","5,950","5,970","5,980",335,"126,562","16,136","10,320","13,168",1.09,786,"3,215","3,461","2,505",17,-11.84,-71,-46,60,-90.78,-129.78,-7.29,-2.03,0.72,"1,406.4"
922,비비안,"2,635",20,-0.75%,500,"78,935","2,655","2,690","2,610","2,625","2,640",207,"123,801","38,620","11,744","29,794",1.63,785,"1,833","1,890",988,20,-6.81,-523,-697,0,-35.18,-3.77,-54.00,-32.44,0.70,597.9
923,현대건설우,"74,100","2,500",-3.26%,"5,000","6,358","75,100","75,400","74,100","74,100","74,200",474,"19,402",274,172,"1,055",8.36,782,N/A,N/A,N/A,N/A,N/A,N/A,"1,504",N/A,N/A,49.27,N/A,N/A,1.18,N/A
924,티웨이홀딩스,713,10,-1.38%,500,"286,447",718,723,703,707,708,203,"377,172","112,539","20,450","109,472",1.92,781,"2,769","7,661","6,284","-1,777",-66.12,"-1,444",-834,0,-649.25,-0.85,-71.98,-17.64,1.52,98.9
925,성보화학,"3,875",40,+1.04%,500,"84,419","3,810","3,950","3,800","3,845","3,880",328,"65,415","8,551","5,785","20,020",1.08,776,517,"1,592",225,-37,N/A,-60,-344,135,N/A,-11.26,N/A,N/A,0.56,847.1
926,상신브레이크,"3,610",0,0.00%,500,"27,817","3,610","3,640","3,575","3,600","3,610",100,"30,743","5,274","7,856","21,471",2.43,775,"3,490","4,400","2,698",79,-10.94,-23,488,50,-49.94,7.40,-1.60,-0.52,0.40,"1,587.5"
927,모나미,"4,100",55,-1.32%,"1,000","39,518","4,170","4,170","4,070","4,085","4,095",162,"48,241","9,238","2,549","18,897",3.34,775,"1,278","1,957","1,059",0,-3.24,1,916,70,-98.09,4.48,0.09,0.03,0.77,361.5
928,TIGER 소프트웨어,"13,390",325,-2.37%,0,"82,899","13,715","13,715","13,370","13,385","13,390","1,114","55,823","22,420","23,933","5,760",0.41,771,N/A,N/A,N/A,N/A,N/A,N/A,N/A,N/A,N/A,N/A,N/A,N/A,N/A,N/A
929,혜인,"6,050",0,0.00%,500,"108,127","6,090","6,160","6,020","6,030","6,040",658,"425,449","17,296","14,454","12,713",4.15,769,"2,175","2,079","1,097",88,-16.61,48,675,120,-25.28,8.96,4.97,2.26,0.59,"1,719.0"
930,KODEX 한국대만IT프리미어,"19,650",260,-1.31%,0,"2,474","19,910","19,995","19,570","19,645","19,655",48,"2,149",682,720,"3,900",0.01,766,N/A,N/A,N/A,N/A,N/A,-115,-111,N/A,104.95,-7.20,-29.64,-7.66,2.03,-35.0
931,KR모터스,797,9,-1.12%,500,"96,606",806,806,790,795,800,77,"197,000","24,179","11,704","96,137",46.28,766,"1,178","1,559","1,060",12,-11.12,N/A,N/A,N/A,N/A,N/A,N/A,N/A,N/A,N/A
932,미래에셋증권우,"5,360",90,-1.65%,"5,000","4,626","5,460","5,470","5,310","5,380","5,390",24,"31,689","2,688","7,885","14,076",0.52,754,N/A,N/A,N/A,N/A,N/A,N/A,"1,462",N/A,N/A,3.67,N/A,N/A,0.33,N/A
933,티에이치엔,"4,170",10,-0.24%,500,"151,980","4,165","4,220","4,130","4,140","4,150",632,"246,306","23,504","10,188","18,000",1.57,751,"3,464","2,796","2,128",89,-13.87,-172,"1,491",30,-58.83,2.80,-24.87,-6.31,0.85,154.2
934,인디에프,"1,060",5,-0.47%,500,"35,075","1,095","1,095","1,055","1,055","1,060",37,"127,616","59,103","11,085","70,713",1.12,750,"1,528","1,386",975,-200,-24.57,-217,-481,0,"-1,166.65",-2.20,-41.73,-15.05,2.96,44.6
935,한국종합기술,"6,830",90,+1.34%,500,"28,119","6,840","6,870","6,730","6,730","6,760",190,"39,317","18,547","4,352","10,950",1.62,748,"2,882","3,321","1,946",46,31.65,65,"1,043",100,384.14,6.55,5.12,2.05,0.50,"2,092.3"
936,TIGER 유로스탁스50(합성 H),"12,425",650,-4.97%,0,"53,736","12,890","12,900","12,390","12,405","12,415",673,"83,474","1,256","28,044","6,000",0.04,746,N/A,N/A,N/A,N/A,N/A,N/A,N/A,N/A,N/A,N/A,N/A,N/A,N/A,N/A
937,유성기업,"2,855",15,-0.52%,500,"37,481","2,865","2,875","2,845","2,840","2,855",107,"48,524","24,675","6,838","25,948",12.29,741,"2,415","4,113","1,162",-15,-6.95,-30,139,120,-113.96,20.54,-1.75,-0.74,0.27,"1,904.6"
938,ARIRANG 신흥국MSCI(합성 H),"11,015",190,-1.70%,0,"23,039","11,210","11,210","11,005","11,010","11,020",254,"37,083","1,930","13,794","6,720",0.00,741,N/A,N/A,N/A,N/A,N/A,N/A,N/A,N/A,N/A,N/A,N/A,N/A,N/A,N/A
939,QV 레버리지 WTI원유 선물 ETN(H),"1,830",155,-7.81%,0,"258,876","1,810","1,925","1,805","1,830","1,835",481,"1,927,728","885,861","1,485,524","40,000",0.00,732,N/A,N/A,N/A,N/A,N/A,N/A,N/A,N/A,N/A,N/A,N/A,N/A,N/A,N/A
940,영화금속,"1,365",15,-1.09%,500,"125,495","1,370","1,380","1,350","1,360","1,365",171,"236,913","77,110","67,915","53,395",2.42,729,"1,794","1,976","1,239",-61,-22.88,-90,-201,15,-400.38,-6.77,-12.53,-4.53,1.02,184.6
941,화천기공,"32,900",150,-0.45%,"5,000","1,192","33,000","33,000","32,450","32,750","32,900",39,"3,495",466,"1,322","2,200",7.84,726,"1,617","2,397","1,136",3,-24.53,-13,727,10,-73.79,4.99,-0.99,-0.53,0.52,"1,156.6"
942,하이스틸,"3,615",55,+1.54%,500,"10,140,332","3,545","4,100","3,500","3,640","3,645","39,522","14,189,477","24,785","24,742","19,999",0.92,724,"1,617","3,784",822,14,-21.66,45,"2,833",750,-79.21,11.61,1.52,1.20,0.24,"1,956.9"
943,KBSTAR 고배당,"12,550",100,-0.79%,0,"5,575","12,645","12,645","12,485","12,550","12,570",69,"22,706","4,077","12,373","5,750",0.01,722,N/A,N/A,N/A,N/A,N/A,N/A,N/A,N/A,N/A,N/A,N/A,N/A,N/A,N/A
944,컨버즈,"4,100",0,0.00%,500,0,0,0,0,0,0,0,0,0,0,"17,549",0.16,720,205,318,246,-48,-55.29,-67,-254,0,19.79,-16.14,-367.38,-22.59,6.90,5.9
945,KBSTAR 중국본토대형주CSI100,"20,550",55,-0.27%,0,"2,102","20,605","20,800","20,440","20,530","20,550",43,"11,312",163,"5,376","3,500",0.01,719,N/A,N/A,N/A,N/A,N/A,N/A,N/A,N/A,N/A,N/A,N/A,N/A,N/A,N/A
946,제이준코스메틱,960,27,-2.74%,500,"379,577",987,992,957,958,959,368,"394,821","44,383","15,303","74,423",1.12,714,305,879,281,-123,-42.00,-221,-383,0,76.42,-2.51,-37.83,-20.83,0.84,251.6
947,한익스프레스,"5,890",40,+0.68%,500,"30,561","5,900","6,040","5,750","5,970","6,000",180,"23,760",390,"6,569","12,000",2.77,707,"6,153","3,017","2,331",107,6.57,-19,305,N/A,-3.88,19.18,-2.87,-0.66,0.89,"1,034.9"
948,삼정펄프,"27,650",0,0.00%,"5,000",696,"27,650","27,800","27,250","27,400","27,600",19,636,990,375,"2,500",3.45,691,"1,463","2,328",218,136,-0.50,269,569,"1,000",102.32,48.59,13.58,12.23,0.33,"1,590.9"
949,TIGER 200 중공업,"3,250",45,+1.40%,0,"898,770","3,205","3,255","3,200","3,235","3,240","2,903","819,515","77,480","118,660","21,220",1.52,690,N/A,N/A,N/A,N/A,N/A,N/A,N/A,N/A,N/A,N/A,N/A,N/A,N/A,N/A
950,케이탑리츠,"1,490",25,-1.65%,"1,000","1,085,612","1,490","1,510","1,445","1,475","1,480","1,593","2,030,333","306,972","115,247","46,224",16.25,689,212,"2,295","1,508",170,47.74,112,245,77,62.29,6.08,15.17,5.07,0.91,69.7
N,종목명,현재가,전일비,등락률,액면가,거래량,시가,고가,저가,매수호가,매도호가,거래대금,전일거래량,매수총잔량,매도총잔량,상장주식수,외국인비율,시가총액,매출액,자산총계,부채총계,영업이익,매출액증가율,당기순이익,주당순이익,보통주배당금,영업이익증가율,PER,ROE,ROA,PBR,유보율
951,MH에탄올,"9,310",60,-0.64%,500,"10,588","9,370","9,510","9,240","9,300","9,320",99,"33,001","10,393","1,181","7,379",3.39,686,212,"2,295","1,508",170,47.74,112,245,77,62.29,6.08,15.17,0.84,0.95,"1,500.7"
952,신풍제지,"1,960",15,-0.76%,500,"95,269","1,965","1,985","1,945","1,950","1,955",187,"205,563","61,388","27,087","34,959",2.63,682,338,"1,078",73,-104,-78.47,329,"1,091",50,-191.42,1.79,38.76,22.44,0.55,523.5
953,DSR제강,"4,720",10,-0.21%,500,"50,959","4,715","4,785","4,680","4,715","4,720",241,"69,327","14,127","3,984","14,400",6.52,680,"1,762","2,063",600,35,-7.98,53,273,40,-32.08,17.29,3.67,2.59,0.45,"1,926.5"
954,TIMEFOLIO Kstock액티브,"9,435",85,-0.89%,0,"2,831","9,520","9,520","9,390","9,415","9,430",26,"8,534","10,662","11,092","7,200",0.01,679,N/A,N/A,N/A,N/A,N/A,N/A,N/A,N/A,N/A,N/A,N/A,N/A,N/A,N/A
955,메타랩스,906,10,-1.09%,500,"176,687",927,927,906,906,907,167,"356,744","52,307","16,476","74,523",0.00,677,834,770,236,-12,-4.08,-193,-238,0,42.23,-3.82,-33.92,-22.06,1.03,63.8
956,SJM,"4,300",30,+0.70%,500,"36,761","4,230","4,315","4,230","4,290","4,300",434,"523,869","188,086","65,737","57,622",1.92,671,"1,687","7,506","6,638",70,49.91,68,-160,0,151.65,-7.28,7.18,0.93,0.81,257.5
957,유한양행우,"56,800",100,-0.18%,"1,000",227,"56,700","56,900","56,200","56,400","56,800",157,"49,426","6,831","4,149","15,605",12.52,671,"1,387","2,249",513,68,-12.09,43,563,50,5.24,7.64,1.63,1.91,0.37,"2,308.4"
958,형지엘리트,"2,150",115,-5.08%,500,"601,204","2,240","2,295","2,135","2,150","2,160",12,"1,120",242,472,"1,181",0.00,671,N/A,N/A,N/A,N/A,N/A,N/A,"1,319",N/A,N/A,43.06,N/A,N/A,2.05,N/A
959,참엔지니어링,"1,160",30,-2.52%,500,"371,677","1,185","1,195","1,155","1,160","1,165","1,320","1,251,361","45,215","3,763","31,155",2.45,670,"1,353","1,304",702,-3,-8.56,-8,15,N/A,-113.05,143.33,-1.23,-0.63,1.08,287.2
960,전방,"39,600",400,+1.02%,"5,000",343,"39,200","39,800","39,100","39,200","39,700",13,"1,047",268,486,"1,680",0.09,665,"1,052","3,734","2,331",-180,-23.52,59,"14,522",N/A,41.12,2.73,4.35,1.55,0.32,900.2
961,TIGER 중장기국채,"50,375",30,-0.06%,0,32,"50,310","50,475","50,310","50,380","50,445",1,"1,190","10,110","3,971","1,320",0.00,665,N/A,N/A,N/A,N/A,N/A,N/A,N/A,N/A,N/A,N/A,N/A,N/A,N/A,N/A
962,이스타코,"1,550",70,-4.32%,500,"1,582,056","1,630","1,660","1,550","1,550","1,555","2,526","5,127,395","169,493","70,588","42,852",3.74,664,59,707,219,3,-75.26,-1,18,N/A,-91.22,86.11,-0.12,-0.08,1.21,135.4
963,KODEX K-미래차액티브,"10,210",185,-1.78%,0,"9,561","10,340","10,355","10,185","10,195","10,205",97,"27,116","26,091","25,904","6,500",0.01,664,N/A,N/A,N/A,N/A,N/A,N/A,N/A,N/A,N/A,N/A,N/A,N/A,N/A,N/A
964,TRUE S&P500 선물 ETN,"13,260",0,0.00%,0,0,"13,260","13,260","13,260","13,150","13,155",0,4,317,"70,000","5,000",0.00,663,N/A,N/A,N/A,N/A,N/A,N/A,N/A,N/A,N/A,N/A,N/A,N/A,N/A,N/A
965,갤럭시아에스엠,"2,395",50,-2.04%,500,"167,919","2,445","2,465","2,380","2,385","2,390",403,"290,724","23,030","28,885","27,550",0.94,660,195,286,78,14,-32.00,10,95,N/A,277.06,25.21,4.63,3.47,2.06,81.9
966,TIGER 차이나HSCEI,"9,730",190,-1.92%,0,"348,383","9,820","9,820","9,650","9,730","9,735","3,396","352,742","71,915","90,360","6,750",0.26,657,N/A,N/A,N/A,N/A,N/A,N/A,N/A,N/A,N/A,N/A,N/A,N/A,N/A,N/A
967,TIGER 국채3년,"108,795",5,0.00%,0,651,"108,765","108,915","108,765","108,850","108,860",70,"4,546","25,186","14,829",600,0.02,653,N/A,N/A,N/A,N/A,N/A,N/A,N/A,N/A,N/A,N/A,N/A,N/A,N/A,N/A
968,KB Wise 분할매매 ETN,"10,875",0,0.00%,0,0,"10,875","10,875","10,875","10,710","10,715",0,0,"25,076","30,000","6,000",0.00,652,N/A,N/A,N/A,N/A,N/A,N/A,N/A,N/A,N/A,N/A,N/A,N/A,N/A,N/A
969,금비,"65,200",100,-0.15%,"5,000",729,"65,700","66,500","64,600","65,100","65,200",47,620,662,171,"1,000",0.63,652,"2,286","3,379","1,760",99,4.25,52,-21,"1,600",49.11,"-3,104.76",3.62,1.54,0.52,"2,073.1"
970,KODEX K-신재생에너지액티브,"10,770",60,-0.55%,0,"50,893","10,775","10,890","10,720","10,740","10,765",550,"656,817","39,429","37,176","6,050",6.68,652,N/A,N/A,N/A,N/A,N/A,N/A,N/A,N/A,N/A,N/A,N/A,N/A,N/A,N/A
971,KODEX Fn성장,"15,825",0,0.00%,0,0,"15,825","15,825","15,825","15,435","15,485",0,"1,487,019","15,010","20,000","4,100",0.00,649,N/A,N/A,N/A,N/A,N/A,N/A,N/A,N/A,N/A,N/A,N/A,N/A,N/A,N/A
972,주연테크,"1,095",25,-2.23%,200,"325,400","1,120","1,130","1,090","1,090","1,100",359,"378,624","140,916","111,394","59,199",1.50,649,N/A,N/A,N/A,N/A,N/A,N/A,N/A,N/A,N/A,N/A,N/A,N/A,N/A,N/A
973,TIGER 차이나바이오테크SOLACTIVE,"8,300",200,-2.35%,0,"8,191","8,500","8,500","8,215","8,280","8,320",68,"13,274","1,172","22,828","7,800",0.46,648,627,576,199,5,49.58,-30,49,0,117.76,22.35,-5.86,-5.00,1.34,285.0
974,케이비아이동국실업,738,4,+0.54%,500,"132,973",742,742,728,738,740,97,"351,224","57,616","34,267","87,218",2.21,644,"5,308","5,661","3,964",-208,-13.77,-114,0,0,-48.97,N/A,-6.83,-2.03,0.34,469.0
975,TIGER 차이나클린에너지SOLACTIVE,"10,170",10,-0.10%,0,"8,315","10,180","10,200","10,040","10,125","10,150",84,"48,236","1,239","1,119","6,320",1.22,643,N/A,N/A,N/A,N/A,N/A,N/A,N/A,N/A,N/A,N/A,N/A,N/A,N/A,N/A
976,SUN&L,"5,090",60,-1.17%,"1,000","2,235","5,150","5,200","5,080","5,080","5,120",11,"31,093","2,205","3,571","12,608",0.84,642,"4,125","5,284","3,251",-38,-9.52,-105,-911,0,79.77,-5.59,-4.33,-1.95,0.29,"1,611.1"
977,부국증권우,"21,250",200,-0.93%,"5,000",81,"21,450","21,450","21,250","21,250","21,400",1,650,88,792,"3,000",11.96,638,N/A,N/A,N/A,N/A,N/A,N/A,"6,326",N/A,N/A,3.36,N/A,N/A,0.29,N/A
978,TRUE 나스닥 100 ETN,"12,720",225,-1.74%,0,1,"12,720","12,720","12,720","12,735","12,740",0,78,"3,000","249,999","5,000",0.00,636,N/A,N/A,N/A,N/A,N/A,N/A,N/A,N/A,N/A,N/A,N/A,N/A,N/A,N/A
979,동일제강,"3,120",60,+1.96%,500,"173,218","3,055","3,150","3,055","3,105","3,110",538,"184,728","19,365","26,575","20,300",3.69,634,"1,229","1,486",188,-1,-3.50,3,447,0,-112.92,6.99,0.23,0.21,0.37,"1,640.4"
980,KODEX 유럽탄소배출권선물ICE(H),"10,735",205,-1.87%,0,"243,135","10,800","10,805","10,655","10,730","10,735","2,608","637,358","16,488","114,174","5,900",0.02,634,N/A,N/A,N/A,N/A,N/A,N/A,N/A,N/A,N/A,N/A,N/A,N/A,N/A,N/A
981,미래에셋 전기전자 Core5 ETN,"31,570",0,0.00%,0,0,"31,570","31,570","31,570","30,555","30,780",0,6,631,"40,001","2,000",0.00,631,N/A,N/A,N/A,N/A,N/A,N/A,N/A,N/A,N/A,N/A,N/A,N/A,N/A,N/A
982,TIGER 원유선물Enhanced(H),"5,200",185,-3.44%,0,"518,469","5,185","5,345","5,135","5,210","5,215","2,717","890,301","387,554","316,978","12,100",3.58,629,N/A,N/A,N/A,N/A,N/A,N/A,N/A,N/A,N/A,N/A,N/A,N/A,N/A,N/A
983,DL우,"37,250",100,+0.27%,"5,000",617,"37,450","37,450","37,050","37,200","37,300",22,648,353,523,"1,686",7.23,628,N/A,N/A,N/A,N/A,N/A,N/A,"31,469",N/A,N/A,1.18,N/A,N/A,0.21,N/A
984,GS우,"34,850",50,+0.14%,"5,000","1,632","34,800","34,850","34,650","34,800","34,850",56,"3,524","2,004","2,297","1,785",9.55,621,N/A,N/A,N/A,N/A,N/A,N/A,"11,022",N/A,N/A,3.16,N/A,N/A,0.34,N/A
985,신송홀딩스,"5,230",40,+0.77%,500,"53,356","5,190","5,390","5,130","5,230","5,240",281,"15,892","9,168","2,070","11,829",1.20,619,"2,059","1,678",773,52,-21.72,28,528,100,"1,767.23",9.91,3.04,1.51,0.61,"1,557.3"
986,KBSTAR Fn컨택트대표,"9,255",55,-0.59%,0,"123,528","9,310","9,320","9,210","9,250","9,255","1,143","36,295","34,376","36,935","6,660",0.14,616,N/A,N/A,N/A,N/A,N/A,N/A,N/A,N/A,N/A,N/A,N/A,N/A,N/A,N/A
987,TIGER KEDI혁신기업ESG30,"10,090",155,-1.51%,0,"299,175","10,200","10,210","10,065","10,080","10,090","3,025","425,959","213,845","293,660","6,100",1.55,615,N/A,N/A,N/A,N/A,N/A,N/A,N/A,N/A,N/A,N/A,N/A,N/A,N/A,N/A
988,일진디스플,"1,780",70,-3.78%,500,"140,268","1,850","1,875","1,770","1,770","1,775",252,"148,900","27,420","19,776","34,468",4.54,612,669,"1,139",855,-305,-30.13,-370,-949,0,1.00,-1.87,-94.15,-30.85,2.40,-6.1
989,TIGER 퓨처모빌리티액티브,"10,115",180,-1.75%,0,"5,503","10,325","10,325","10,090","10,105","10,115",55,"8,038","121,263","31,336","6,040",4.41,611,N/A,N/A,N/A,N/A,N/A,N/A,N/A,N/A,N/A,N/A,N/A,N/A,N/A,N/A
990,유엔젤,"4,600",155,-3.26%,500,"122,657","4,700","4,730","4,560","4,585","4,595",565,"136,615","14,225","2,324","13,195",3.11,607,271,486,131,12,1.91,-12,"1,239",N/A,151.11,3.71,-1.67,-2.44,1.07,654.1
991,우신시스템,"3,300",70,-2.08%,500,"53,652","3,360","3,360","3,285","3,300","3,305",177,"58,393","16,120","11,782","18,314",3.85,604,"2,493","3,278","2,230",-18,-13.75,-124,"-1,394",N/A,-172.56,-2.37,-11.20,-3.85,0.62,"1,101.6"
992,TIGER 인버스,"4,825",80,+1.69%,0,"104,700","4,770","4,840","4,770","4,820","4,830",504,"156,049","954,642","1,024,027","12,500",1.61,603,N/A,N/A,N/A,N/A,N/A,N/A,N/A,N/A,N/A,N/A,N/A,N/A,N/A,N/A
993,KINDEX 미국친환경그린테마INDXX,"9,350",145,-1.53%,0,"2,591","9,400","9,500","9,300","9,350","9,390",24,"10,129",617,"16,563","6,400",0.03,598,N/A,N/A,N/A,N/A,N/A,N/A,N/A,N/A,N/A,N/A,N/A,N/A,N/A,N/A
994,KODEX 미국반도체MV,"10,795",185,-1.68%,0,"40,892","10,900","10,900","10,565","10,785","10,790",439,"38,381",625,"147,772","5,500",0.02,594,N/A,N/A,N/A,N/A,N/A,N/A,N/A,N/A,N/A,N/A,N/A,N/A,N/A,N/A
995,TIGER 화장품,"2,920",60,-2.01%,0,"375,863","2,970","2,970","2,910","2,915","2,920","1,102","664,658","267,744","194,256","20,160",0.22,589,N/A,N/A,N/A,N/A,N/A,N/A,N/A,N/A,N/A,N/A,N/A,N/A,N/A,N/A
996,대림통상,"3,850",15,-0.39%,"1,000","1,790","3,865","3,870","3,800","3,795","3,800",6,"7,720","1,173","13,882","15,225",0.82,586,"1,566","1,597",832,-69,-14.72,N/A,N/A,N/A,N/A,N/A,N/A,N/A,N/A,N/A
997,KBSTAR 중기우량회사채,"104,055",10,+0.01%,0,801,"103,140","104,055","103,140","104,045","104,050",83,"1,861","14,764","15,452",560,0.04,583,N/A,N/A,N/A,N/A,N/A,-128,-613,0,-177.08,-6.28,-15.15,-7.55,0.79,357.0
998,삼성 인버스 2X WTI원유 선물 ETN,165,10,+6.45%,0,"16,834,714",165,170,160,165,170,"2,798","64,195,609","47,101,531","13,769,848","350,000",0.01,578,N/A,N/A,N/A,N/A,N/A,N/A,N/A,N/A,N/A,N/A,N/A,N/A,N/A,N/A
999,삼성 코스피 풋매도 ETN,"11,460",0,0.00%,0,0,"11,460","11,460","11,460","11,405","11,410",0,290,"7,404","30,000","5,000",0.00,573,N/A,N/A,N/A,N/A,N/A,N/A,N/A,N/A,N/A,N/A,N/A,N/A,N/A,N/A
1000,KODEX 차이나H,"16,840",260,-1.52%,0,"12,187","17,200","17,200","16,690","16,845","16,850",205,"23,927","30,660","21,872","3,400",23.53,573,N/A,N/A,N/A,N/A,N/A,N/A,N/A,N/A,N/A,N/A,N/A,N/A,N/A,N/A
N,종목명,현재가,전일비,등락률,액면가,거래량,시가,고가,저가,매수호가,매도호가,거래대금,전일거래량,매수총잔량,매도총잔량,상장주식수,외국인비율,시가총액,매출액,자산총계,부채총계,영업이익,매출액증가율,당기순이익,주당순이익,보통주배당금,영업이익증가율,PER,ROE,ROA,PBR,유보율
1001,KODEX 차이나H,"16,840",260,-1.52%,0,"12,238","17,200","17,200","16,690","16,845","16,850",205,"23,927","30,704","21,830","3,400",23.53,573,N/A,N/A,N/A,N/A,N/A,N/A,N/A,N/A,N/A,N/A,N/A,N/A,N/A,N/A
1002,미래산업,"12,850",100,-0.77%,500,"16,343","12,850","12,950","12,800","12,850","12,900",210,"24,850","17,429","13,053","4,452",3.76,572,416,958,317,13,50.08,-67,"1,792",0,128.03,7.17,-10.31,-7.88,0.67,"3,763.0"
1003,TIGER 200TR,"19,535",335,-1.69%,0,427,"19,605","19,610","19,495","19,530","19,550",8,"1,062","33,055","32,006","2,900",0.01,567,N/A,N/A,N/A,N/A,N/A,N/A,N/A,N/A,N/A,N/A,N/A,N/A,N/A,N/A
1004,신한 인버스 2X 천연가스 선물 ETN,"1,130",15,+1.35%,0,"1,369,268","1,150","1,155","1,080","1,135","1,140",709,"115,690","22,995","2,259","4,600",6.83,566,N/A,N/A,N/A,N/A,N/A,N/A,N/A,N/A,N/A,N/A,N/A,N/A,N/A,N/A
1005,TIGER 코스닥150 레버리지,"12,275",545,-4.25%,0,"57,040","12,750","12,750","12,175","12,220","12,245","1,535","1,752,057","477,140","523,066","50,000",0.00,565,N/A,N/A,N/A,N/A,N/A,N/A,N/A,N/A,N/A,N/A,N/A,N/A,N/A,N/A
1006,롯데칠성우,"72,700",0,0.00%,500,786,"72,700","73,200","72,000","72,300","72,700",56,686,405,388,775,6.88,564,N/A,N/A,N/A,N/A,N/A,N/A,"8,461",N/A,N/A,8.59,N/A,N/A,0.50,N/A
1007,평화홀딩스,"3,850",15,+0.39%,500,"4,755","3,835","3,880","3,825","3,845","3,850",18,"14,472",770,"4,655","14,625",15.39,563,"5,211","5,223","4,031",-31,-10.32,-84,598,150,14.32,6.44,-2.68,-1.65,0.48,872.6
1008,KOSEF 인도Nifty50(합성),"17,875",90,-0.50%,0,"15,246","17,925","17,925","17,665","17,865","17,870",272,"40,084","2,576","12,112","3,150",0.11,563,N/A,N/A,N/A,N/A,N/A,N/A,N/A,N/A,N/A,N/A,N/A,N/A,N/A,N/A
1009,호텔신라우,"74,300",0,0.00%,"5,000","1,468","74,400","74,400","73,400","74,200","74,300",108,"2,835","1,291",947,752,2.35,559,N/A,N/A,N/A,N/A,N/A,N/A,"-2,605",N/A,N/A,-28.52,N/A,N/A,4.99,N/A
1010,KBSTAR 대형고배당10TR,"15,430",355,-2.25%,0,"8,766","15,770","15,770","15,350","15,390","15,435",135,"23,427","7,445","14,983","3,600",0.01,555,N/A,N/A,N/A,N/A,N/A,-164,"-6,323",N/A,-321.87,-3.04,-13.74,-9.25,0.54,578.0
1011,동양고속,"19,150",50,-0.26%,"5,000","3,554","19,200","19,300","18,850","19,100","19,150",67,"1,810",614,748,"2,896",0.52,554,835,"1,679",608,-221,-40.53,N/A,N/A,N/A,N/A,N/A,N/A,N/A,N/A,N/A
1012,TIGER 탄소효율그린뉴딜,"8,960",140,-1.54%,0,"1,594","9,065","9,065","8,935","8,950","8,965",14,"5,785","21,014","33,931","6,100",0.00,547,N/A,N/A,N/A,N/A,N/A,N/A,N/A,N/A,N/A,N/A,N/A,N/A,N/A,N/A
1013,SJM홀딩스,"3,635",40,+1.11%,500,"16,242","3,595","3,685","3,580","3,595","3,600",0,2,100,"30,000","4,000",0.00,541,N/A,N/A,N/A,N/A,N/A,N/A,N/A,N/A,N/A,N/A,N/A,1.62,0.32,"2,067.1"
1014,QV 코스닥 150 ETN,"13,525",95,+0.71%,0,2,"13,555","13,555","13,525","13,330","13,355",115,"231,314","25,206","33,601","66,790",2.58,540,358,"1,178",801,-47,-40.42,-223,-196,0,-161.83,-4.13,-53.91,N/A,N/A,N/A
1015,한창,809,9,-1.10%,500,"142,300",818,824,800,808,809,171,"3,406,512","268,728","92,432","129,484",3.75,540,58,923,29,7,-22.82,197,18,N/A,400.09,23.17,24.75,-21.31,1.51,12.5
1016,미래아이앤지,417,7,-1.65%,100,"407,022",423,427,417,418,419,58,"20,786","6,788","1,556","14,934",6.10,540,"1,416","3,083",604,64,-11.94,50,439,100,1.90,8.23,2.02,23.90,0.59,597.9
1017,KOSEF 통안채1년,"101,220",10,+0.01%,0,6,"101,220","101,220","101,220","101,215","101,220",12,114,"25,025","25,043",530,0.14,536,N/A,N/A,N/A,N/A,N/A,N/A,N/A,N/A,N/A,N/A,N/A,N/A,N/A,N/A
1018,TRUE 인버스 2X 나스닥 100 ETN,"1,785",85,+5.00%,0,"624,854","1,740","1,820","1,735","1,785","1,790","1,115","506,472","977,958","948,688","30,000",0.00,536,N/A,N/A,N/A,N/A,N/A,N/A,N/A,N/A,N/A,N/A,N/A,N/A,N/A,N/A
1019,신한 S&P500 VIX S/T 선물 ETN C,"10,610",525,+5.21%,0,"108,423","10,175","10,920","10,160","10,625","10,640","1,152","197,750","247,048","238,044","5,000",0.00,530,N/A,N/A,N/A,N/A,N/A,N/A,N/A,N/A,N/A,N/A,N/A,N/A,N/A,N/A
1020,KODEX 철강,"9,110",100,+1.11%,0,"206,641","9,065","9,130","8,985","9,065","9,075","1,870","309,765","49,005","23,268","5,810",1.88,529,N/A,N/A,N/A,N/A,N/A,N/A,N/A,N/A,N/A,N/A,N/A,N/A,N/A,N/A
1021,KBSTAR 200TR,"18,895",315,-1.64%,0,"3,172","19,210","19,210","18,850","18,890","18,895",59,"10,083","5,295","7,772","2,800",0.00,529,N/A,N/A,N/A,N/A,N/A,N/A,N/A,N/A,N/A,N/A,N/A,N/A,N/A,N/A
1022,화천기계,"2,395",30,-1.24%,500,"16,900","2,425","2,435","2,375","2,380","2,385",40,"57,956","16,748","7,094","22,000",1.94,526,"1,368","1,465",263,-48,-14.31,-46,51,0,48.66,46.86,-3.72,-2.99,0.38,993.3
1023,한세엠케이,"4,070",65,-1.57%,500,"27,522","4,150","4,160","4,050","4,075","4,080",113,"33,862","3,806","4,207","12,909",4.92,525,"2,202","1,497",718,-189,-28.38,-230,"-1,455",N/A,21.03,-2.80,-25.79,-13.76,0.61,"1,343.4"
1024,한화투자증권우,"10,900",150,-1.36%,"5,000","14,658","10,800","10,900","10,800","10,900","10,950",159,"10,306","4,796","1,783","4,800",1.02,523,N/A,N/A,N/A,N/A,N/A,N/A,595,N/A,N/A,18.32,N/A,N/A,1.49,N/A
1025,선도전기,"2,895",15,+0.52%,500,"78,703","2,870","2,950","2,850","2,890","2,895",228,"65,770","15,656","24,269","18,000",6.08,521,862,"1,756",823,26,-3.55,25,-380,5,252.75,-7.62,2.80,1.46,0.58,665.1
1026,세기상사,"12,150",100,+0.83%,500,"50,619","11,950","12,350","11,700","12,300","12,350",606,"206,519","11,028","12,472","4,276",3.03,520,179,464,278,-16,700.30,-19,-477,N/A,-29.09,-25.47,-9.91,-4.48,2.66,-17.9
1027,우진아이엔에스,"6,790",10,+0.15%,500,"4,528","6,780","6,940","6,750","6,780","6,790",30,"10,895","3,526","1,217","7,622",0.72,518,"1,404","1,210",196,18,30.87,18,62,250,101.48,109.52,1.69,1.39,0.47,"2,699.4"
1028,QV 레버리지 S&P500 ETN,"25,600",705,-2.68%,0,9,"26,250","26,250","25,600","25,805","25,860",0,2,"4,422","105,000","2,000",0.00,512,N/A,N/A,N/A,N/A,N/A,N/A,N/A,N/A,N/A,N/A,N/A,N/A,N/A,N/A
1029,KBSTAR 게임테마,"16,185",615,-3.66%,0,"17,202","16,625","16,640","16,170","16,170","16,180",280,"31,691","18,462","16,547","3,150",0.10,510,N/A,N/A,N/A,N/A,N/A,N/A,N/A,N/A,N/A,N/A,N/A,N/A,N/A,N/A
1030,삼성 레버리지 은 선물 ETN(H),"16,945",180,-1.05%,0,"8,136","16,865","17,200","16,850","16,915","16,940",138,"29,875","80,551","80,706","3,000",0.00,508,N/A,N/A,N/A,N/A,N/A,N/A,N/A,N/A,N/A,N/A,N/A,N/A,N/A,N/A
1031,HANARO 200선물인버스,"10,020",180,+1.83%,0,"3,497","9,920","10,045","9,920","10,005","10,020",34,"2,268","67,244","63,562","5,050",0.17,506,N/A,N/A,N/A,N/A,N/A,N/A,N/A,N/A,N/A,N/A,N/A,N/A,N/A,N/A
1032,경인전자,"31,950",250,-0.78%,"5,000","4,356","32,050","32,050","31,200","31,650","31,800",138,"7,047","1,418",304,"1,571",13.79,502,208,578,38,10,56.23,14,"1,273",250,160.10,25.10,2.49,2.36,0.71,610.3
1033,대교우B,"2,580",15,+0.58%,500,"24,718","2,590","2,590","2,565","2,575","2,580",63,"21,605","8,241","14,246","19,427",3.91,501,N/A,N/A,N/A,N/A,N/A,N/A,-27,N/A,N/A,-95.56,N/A,N/A,0.38,N/A
1034,한국주강,"4,430",110,-2.42%,500,"96,383","4,570","4,640","4,405","4,420","4,425",437,"95,266","3,198","1,251","11,309",7.52,501,339,465,164,-1,-6.58,-13,-155,0,97.38,-28.58,-4.28,-2.81,1.83,462.4
1035,HANARO 글로벌럭셔리S&P(합성),"16,980",380,-2.19%,0,"14,631","16,935","16,990","16,930","16,975","16,980",248,"7,398","2,053","21,211","2,950",0.05,501,N/A,N/A,N/A,N/A,N/A,N/A,N/A,N/A,N/A,N/A,N/A,N/A,N/A,N/A
1036,히어로즈 단기채권ESG액티브,"100,135",20,-0.02%,0,29,"100,130","100,135","100,130","100,135","100,145",2,73,"15,024","15,000",500,0.00,501,N/A,N/A,N/A,N/A,N/A,N/A,N/A,N/A,N/A,N/A,N/A,N/A,N/A,N/A
1037,태양금속,"1,360",15,-1.09%,500,"172,757","1,375","1,385","1,340","1,355","1,360",235,"488,207","73,027","93,198","36,700",2.85,499,"4,044","4,423","3,428",-34,-14.11,-96,-424,5,78.02,-3.21,-11.40,-2.30,0.54,217.1
1038,TIGER Fn반도체TOP10,"9,305",225,-2.36%,0,"243,660","9,475","9,475","9,300","9,305","9,315","2,323","206,311","74,874","83,463","5,350",0.21,498,N/A,N/A,N/A,N/A,N/A,N/A,N/A,N/A,N/A,N/A,N/A,N/A,N/A,N/A
1039,TIGER KIS부동산인프라채권TR,"5,785",10,+0.17%,0,719,"5,780","5,790","5,775","5,785","5,790",4,"13,225","26,026","36,772","8,500",0.00,492,N/A,N/A,N/A,N/A,N/A,N/A,N/A,N/A,N/A,N/A,N/A,N/A,N/A,N/A
1040,KODEX 차이나심천ChiNext(합성),"12,815",150,-1.16%,0,"4,313","13,075","13,075","12,780","12,780","12,785",55,"8,188",751,"4,787","3,800",0.40,487,N/A,N/A,N/A,N/A,N/A,N/A,N/A,N/A,N/A,N/A,N/A,N/A,N/A,N/A
1041,유안타증권우,"3,765",30,-0.79%,"5,000","1,876","3,770","3,800","3,720","3,755","3,765",7,"9,021","1,025","2,612","12,912",0.25,486,N/A,N/A,N/A,N/A,N/A,N/A,"1,134",N/A,N/A,3.32,N/A,N/A,0.49,N/A
1042,HANARO Fn K-뉴딜디지털플러스,"9,335",270,-2.81%,0,"1,289","9,520","9,520","9,325","9,325","9,335",12,"1,516","34,311","40,452","5,200",0.00,485,N/A,N/A,N/A,N/A,N/A,N/A,N/A,N/A,N/A,N/A,N/A,N/A,N/A,N/A
1043,롯데지주우,"49,000",100,-0.20%,200,104,"49,800","49,800","46,400","48,500","49,000",4,108,15,68,988,0.56,484,N/A,N/A,N/A,N/A,N/A,N/A,"1,919",N/A,N/A,25.53,N/A,N/A,0.49,N/A
1044,원림,"21,000",250,-1.18%,"5,000",591,"21,250","21,450","21,000","21,000","21,250",12,"2,198","1,027",508,"2,298",1.42,483,684,"1,773",439,54,-13.52,183,452,718,29.71,46.46,16.31,10.75,0.41,913.9
1045,TIGER KRX인터넷K-뉴딜,"8,670",175,-1.98%,0,"28,695","8,830","8,830","8,655","8,670","8,680",249,"149,255","54,909","47,451","5,550",2.74,481,N/A,N/A,N/A,N/A,N/A,N/A,N/A,N/A,N/A,N/A,N/A,N/A,N/A,N/A
1046,세우글로벌,"1,675",50,+3.08%,500,"307,650","1,635","1,690","1,625","1,650","1,655",509,"271,148","49,551","56,219","28,705",6.62,480,N/A,N/A,N/A,N/A,N/A,N/A,N/A,N/A,N/A,N/A,N/A,N/A,N/A,N/A
1047,TIGER 글로벌클라우드컴퓨팅INDXX,"8,955",300,-3.24%,0,"14,250","9,155","9,155","8,850","8,945","8,955",127,"23,288","2,629","10,950","5,360",0.68,479,275,486,42,14,8.44,11,-46,0,33.64,-36.30,2.44,2.25,1.08,208.5
1048,KODEX 증권,"7,900",80,-1.00%,0,"13,964","7,980","7,980","7,880","7,900","7,910",110,"38,906","31,144","26,496","6,050",1.99,478,N/A,N/A,N/A,N/A,N/A,N/A,N/A,N/A,N/A,N/A,N/A,N/A,N/A,N/A
1049,WISCOM,"3,110",40,-1.27%,500,"17,481","3,125","3,160","3,085","3,085","3,090",54,"36,908","5,017","3,894","15,326",4.86,477,"1,025","1,307",139,-17,-11.26,-10,31,50,-328.42,100.32,-0.85,-0.75,0.40,"1,414.7"
1050,바다로19호,"3,125",30,-0.95%,"5,000","16,615","3,155","3,155","3,125","3,125","3,140",52,"16,839","12,476","11,292","15,200",1.16,475,77,400,15,32,20.26,-27,442,343,40.78,7.07,-6.51,-6.29,1.07,-50.0
N,종목명,현재가,전일비,등락률,액면가,거래량,시가,고가,저가,매수호가,매도호가,거래대금,전일거래량,매수총잔량,매도총잔량,상장주식수,외국인비율,시가총액,매출액,자산총계,부채총계,영업이익,매출액증가율,당기순이익,주당순이익,보통주배당금,영업이익증가율,PER,ROE,ROA,PBR,유보율
1051,성문전자,"2,430",5,-0.21%,500,"49,795","2,425","2,455","2,400","2,425","2,430",120,"99,118","17,503","11,190","19,487",4.14,474,379,404,138,-6,5.44,-10,78,0,59.17,31.15,-3.63,-2.31,1.55,185.8
1052,에이엔피,"2,120",15,+0.71%,500,"158,145","2,150","2,150","2,090","2,110","2,115",334,"260,244","26,661","73,415","22,336",0.00,474,821,"1,039",632,-116,-13.80,-247,"-1,047",0,-116.65,-2.02,-50.96,-20.91,1.34,317.4
1053,한성기업,"7,570",30,-0.39%,"5,000","4,861,069","7,630","9,010","7,420","7,640","7,660","40,106","3,320,856","16,334","3,169","6,210",1.57,470,"2,661","1,958","1,453",64,-1.46,N/A,N/A,N/A,N/A,N/A,N/A,N/A,N/A,N/A
1054,TRUE 코스피 200 ETN,"9,380",40,-0.42%,0,2,"9,395","9,395","9,380","9,280","9,295",0,"24,379",117,"125,000","5,000",0.00,469,N/A,N/A,N/A,N/A,N/A,23,195,N/A,177.10,38.62,4.52,1.06,0.80,37.8
1055,KINDEX 인도네시아MSCI(합성),"9,910",110,+1.12%,0,"8,452","9,950","9,955","9,820","9,870","9,910",83,"22,216","5,962","19,464","4,700",0.08,466,N/A,N/A,N/A,N/A,N/A,N/A,N/A,N/A,N/A,N/A,N/A,N/A,N/A,N/A
1056,삼성 코스피 200 ETN,"9,285",115,-1.22%,0,"12,935","9,395","9,395","9,285","9,285","9,290",120,"59,727","7,553","100,043","5,000",0.00,464,N/A,N/A,N/A,N/A,N/A,N/A,N/A,N/A,N/A,N/A,N/A,N/A,N/A,N/A
1057,두산퓨얼셀2우B,"15,400",500,-3.14%,100,"9,347","15,750","15,750","15,300","15,350","15,400",144,"37,551","5,196",518,"2,986",0.12,460,N/A,N/A,N/A,N/A,N/A,N/A,50,N/A,N/A,308.00,N/A,N/A,2.46,N/A
1058,KODEX KRX300,"16,965",275,-1.60%,0,570,"17,135","17,150","16,930","16,965","16,990",9,"1,877","55,343","54,840","2,700",0.00,458,N/A,N/A,N/A,N/A,N/A,N/A,N/A,N/A,N/A,N/A,N/A,N/A,N/A,N/A
1059,KODEX 200ESG,"13,405",195,-1.43%,0,"23,051","13,530","13,530","13,320","13,355","13,405",309,"36,893","15,099","12,130","3,400",0.00,456,N/A,N/A,N/A,N/A,N/A,N/A,N/A,N/A,N/A,N/A,N/A,N/A,N/A,N/A
1060,금호전기,"2,180",0,0.00%,500,"68,137","2,240","2,240","2,140","2,150","2,175",148,"134,428","28,761","9,463","20,861",1.09,455,451,678,635,-77,-23.78,-243,"-1,307",0,-132.33,-1.67,-100.98,-34.56,1.54,779.5
1061,동원수산,"9,680",60,-0.62%,"5,000","126,515","9,740","9,950","9,620","9,640","9,670","1,240","165,797","8,721","2,647","4,654",5.58,452,"1,454",982,500,-21,-11.35,-34,-346,N/A,-113.82,-28.06,-6.53,-3.41,0.84,104.1
1062,이화산업,"16,000",300,-1.84%,"5,000",296,"16,200","16,200","16,000","16,050","16,200",4,"1,294",889,563,"2,800",0.25,448,511,"2,834","1,089",-35,-17.14,-37,"16,650",0,-106.40,0.96,-2.65,-1.30,0.31,609.8
1063,성안,787,0,0.00%,500,0,0,0,0,0,0,0,0,0,0,"56,858",0.10,447,"1,280","3,128","2,466",-174,-40.97,-262,-244,N/A,-33.65,-3.23,-36.36,-8.40,0.76,-14.5
1064,유화증권우,"2,555",25,-0.97%,"1,000",19,"2,575","2,575","2,555","2,555","2,580",0,702,162,529,"17,476",0.00,447,N/A,N/A,N/A,N/A,N/A,N/A,113,N/A,N/A,22.61,N/A,N/A,0.32,N/A
1065,한화솔루션우,"39,700",0,0.00%,"5,000","61,919","39,050","42,550","38,150","39,300","39,450","2,497","167,796","1,622",772,"1,124",0.80,446,N/A,N/A,N/A,N/A,N/A,N/A,"3,913",N/A,N/A,10.15,N/A,N/A,0.92,N/A
1066,삼성 코스닥 150 ETN,"8,870",165,-1.83%,0,"35,978","9,035","9,035","8,870","8,865","8,890",322,"25,911","2,184","100,115","5,000",0.00,444,N/A,N/A,N/A,N/A,N/A,N/A,N/A,N/A,N/A,N/A,N/A,N/A,N/A,N/A
1067,하이골드3호,"2,730",0,0.00%,"5,000",0,0,0,0,0,0,0,"29,853",0,0,"16,150",0.62,441,75,280,65,-70,-16.30,-70,-125,117,-878.59,-21.84,-30.21,-22.97,1.85,-77.0
1068,미래에셋 원자재 선물 ETN(H),"14,690",10,-0.07%,0,"5,361","14,545","14,695","14,490","14,650","14,690",78,"6,973","58,823","59,932","3,000",0.00,441,N/A,N/A,N/A,N/A,N/A,N/A,N/A,N/A,N/A,N/A,N/A,N/A,N/A,N/A
1069,삼성 미국 대형 성장주 ETN,"22,000",370,-1.65%,0,16,"22,050","22,050","22,000","21,985","22,055",0,39,"17,520","30,086","2,000",0.00,440,N/A,N/A,N/A,N/A,N/A,N/A,N/A,N/A,N/A,N/A,N/A,N/A,N/A,N/A
1070,삼화전자,"4,200",90,-2.10%,"1,000","41,540","4,290","4,295","4,170","4,180","4,200",174,"80,750","14,821",777,"10,458",8.72,439,401,550,412,-13,-4.00,-23,-261,N/A,-468.89,-16.09,-19.35,-3.98,5.83,-117.9
1071,KB 레버리지 S&P 500 선물 ETN(H),"10,900",360,-3.20%,0,"1,924","11,125","11,125","10,730","10,880","10,905",21,"2,837","50,088","48,269","4,000",0.00,436,N/A,N/A,N/A,N/A,N/A,N/A,N/A,N/A,N/A,N/A,N/A,N/A,N/A,N/A
1072,KOSEF 릭소글로벌퓨처모빌리티MSCI,"10,330",280,-2.64%,0,572,"10,445","10,445","10,300","10,280","10,300",5,"1,805","10,106","50,154","4,200",0.00,434,N/A,N/A,N/A,N/A,N/A,N/A,N/A,N/A,N/A,N/A,N/A,N/A,N/A,N/A
1073,SK디스커버리우,"31,600",50,-0.16%,"5,000","1,381","31,650","31,700","31,450","31,450","31,700",43,"1,193",871,"1,140","1,358",1.13,429,N/A,N/A,N/A,N/A,N/A,N/A,"9,625",N/A,N/A,3.28,N/A,N/A,0.27,N/A
1074,TRUE 코스피 양매도 3% OTM ETN,"8,505",0,0.00%,0,0,"8,505","8,505","8,505","8,460","8,470",0,"2,171","19,316","50,000","5,000",0.00,425,N/A,N/A,N/A,N/A,N/A,N/A,N/A,N/A,N/A,N/A,N/A,N/A,N/A,N/A
1075,KINDEX 종합채권(AA-이상)KIS액티브,"96,485",25,+0.03%,0,2,"96,325","96,485","96,325","96,455","96,535",0,4,"17,003","16,999",438,0.00,423,N/A,N/A,N/A,N/A,N/A,N/A,N/A,N/A,N/A,N/A,N/A,N/A,N/A,N/A
1076,신한 구리 선물 ETN(H),"21,100",500,+2.43%,0,"1,395","20,790","21,145","20,750","21,080","21,095",29,"1,505","8,849","58,967","2,000",0.00,422,N/A,N/A,N/A,N/A,N/A,N/A,N/A,N/A,N/A,N/A,N/A,N/A,N/A,N/A
1077,ARIRANG 미국S&P500(H),"18,290",25,-0.14%,0,"10,267","18,300","18,300","17,940","18,285","18,290",186,"8,228","2,699","5,438","2,300",0.04,421,N/A,N/A,N/A,N/A,N/A,N/A,N/A,N/A,N/A,N/A,N/A,N/A,N/A,N/A
1078,삼성 레버리지 China A50 선물 ETN(H),"41,900","1,645",-3.78%,0,"1,531","42,400","42,410","41,900","41,805","41,850",64,32,"28,114","60,517","1,000",0.00,419,N/A,N/A,N/A,N/A,N/A,N/A,N/A,N/A,N/A,N/A,N/A,N/A,N/A,N/A
1079,동원금속,893,7,-0.78%,500,"23,330",916,916,887,889,893,20,"57,785","13,721","12,226","46,755",2.08,418,"3,695","4,689","4,369",-12,-19.09,-281,100,N/A,-105.67,8.93,-55.39,-5.74,0.89,36.6
1080,삼성 미국 대형 성장주 ETN(H),"20,870",465,-2.18%,0,10,"20,870","20,870","20,870","20,890","20,940",0,60,"30,016","30,000","2,000",0.00,417,N/A,N/A,N/A,N/A,N/A,N/A,N/A,N/A,N/A,N/A,N/A,N/A,N/A,N/A
1081,ARIRANG ESG성장주액티브,"8,725",95,-1.08%,0,437,"8,815","8,815","8,700","8,700","8,720",3,"132,527","35,052","4,895","4,750",0.12,414,N/A,N/A,N/A,N/A,N/A,N/A,N/A,N/A,N/A,N/A,N/A,N/A,N/A,N/A
1082,KINDEX 국고채3년,"104,915",55,-0.05%,0,62,"104,870","104,915","104,870","104,915","104,960",6,59,"16,801","19,997",390,0.01,409,N/A,N/A,N/A,N/A,N/A,N/A,N/A,N/A,N/A,N/A,N/A,N/A,N/A,N/A
1083,KODEX 미국S&P고배당커버드콜(합성 H),"9,970",15,+0.15%,0,"13,460","10,110","10,110","9,895","9,960","9,965",134,"13,249","3,306","7,102","4,100",0.02,409,N/A,N/A,N/A,N/A,N/A,N/A,N/A,N/A,N/A,N/A,N/A,N/A,N/A,N/A
1084,녹십자홀딩스2우,"48,250",150,-0.31%,500,150,"48,400","48,400","47,800","48,100","48,250",7,"1,005",79,52,846,0.07,408,N/A,N/A,N/A,N/A,N/A,N/A,"3,176",N/A,N/A,15.19,N/A,N/A,2.29,N/A
1085,씨아이테크,"1,020",25,-2.39%,500,"272,177","1,070","1,090","1,010","1,010","1,020",282,"156,439","86,562","12,733","39,952",2.77,408,523,751,424,-25,28.52,-47,-457,0,14.45,-2.23,-14.34,-7.04,0.97,157.5
1086,한솔PNS,"1,970",5,-0.25%,500,"66,462","1,975","1,995","1,955","1,970","1,980",131,"99,008","32,449","23,520","20,493",4.63,404,"2,448","1,071",635,39,4.67,30,84,25,-2.31,23.45,6.97,2.80,0.90,337.5
1087,대한항공우,"36,250",100,-0.28%,"5,000",877,"36,500","36,900","35,900","36,300","36,600",31,"3,265","1,965",527,"1,111",1.84,403,N/A,N/A,N/A,N/A,N/A,N/A,"2,129",N/A,N/A,17.03,N/A,N/A,2.01,N/A
1088,HANARO 200선물레버리지,"21,745",740,-3.29%,0,"2,400","22,380","22,380","21,620","21,730","21,760",52,"10,265","40,196","27,914","1,850",0.13,402,N/A,N/A,N/A,N/A,N/A,N/A,N/A,N/A,N/A,N/A,N/A,N/A,N/A,N/A
1089,KBSTAR 국채선물5년추종인버스,"51,525",40,-0.08%,0,10,"51,580","51,595","51,525","51,500","51,545",0,8,"2,000","1,992",780,0.00,402,N/A,N/A,N/A,N/A,N/A,N/A,N/A,N/A,N/A,N/A,N/A,N/A,N/A,N/A
1090,TIGER 레버리지,"18,955",630,-3.22%,0,"55,811","19,515","19,515","18,820","18,930","18,955","1,062","118,980","50,353","18,584","2,100",0.39,398,N/A,N/A,N/A,N/A,N/A,N/A,N/A,N/A,N/A,N/A,N/A,N/A,N/A,N/A
1091,KBSTAR 금융채액티브,"101,985",25,-0.02%,0,4,"101,915","102,015","101,915","101,935","102,010",0,32,"15,002","9,998",390,0.00,398,N/A,N/A,N/A,N/A,N/A,N/A,N/A,N/A,N/A,N/A,N/A,N/A,N/A,N/A
1092,TBH글로벌,"1,905",10,+0.53%,500,"31,726","1,875","1,930","1,865","1,905","1,920",59,"39,776","9,973","1,328","20,857",3.90,397,"1,731","1,394",613,-69,-17.86,-308,-422,N/A,-256.24,-4.51,-33.15,-19.55,0.58,612.9
1093,신한 레버리지 금 선물 ETN,"19,530",390,+2.04%,0,"9,106","19,390","19,745","19,325","19,530","19,535",177,"2,305","50,995","60,286","2,000",0.00,391,N/A,N/A,N/A,N/A,N/A,N/A,N/A,N/A,N/A,N/A,N/A,N/A,N/A,N/A
1094,KBSTAR 미국S&P원유생산기업(합성 H),"5,340",115,-2.11%,0,"178,971","5,360","5,425","5,330","5,345","5,350",959,"232,238","22,327","70,516","7,300",9.61,390,N/A,N/A,N/A,N/A,N/A,N/A,N/A,N/A,N/A,N/A,N/A,N/A,N/A,N/A
1095,KODEX 미디어&엔터테인먼트,"19,435",520,-2.61%,0,"13,242","19,895","19,905","19,400","19,425","19,440",258,"16,671","10,726","46,286","2,000",0.00,389,N/A,N/A,N/A,N/A,N/A,N/A,N/A,N/A,N/A,N/A,N/A,N/A,N/A,N/A
1096,KODEX 바이오,"9,900",185,-1.83%,0,"27,955","10,015","10,055","9,880","9,885","9,920",278,"53,158","7,760","34,322","3,920",1.12,388,N/A,N/A,N/A,N/A,N/A,N/A,N/A,N/A,N/A,N/A,N/A,N/A,N/A,N/A
1097,SOL 글로벌탄소배출권선물IHS(합성),"10,430",145,-1.37%,0,"48,572","10,270","10,470","10,270","10,420","10,425",505,"218,332","6,837","71,037","3,700",0.02,386,N/A,N/A,N/A,N/A,N/A,N/A,N/A,N/A,N/A,N/A,N/A,N/A,N/A,N/A
1098,신한 레버리지 S&P500 선물 ETN,"19,265",460,-2.33%,0,29,"19,535","19,535","19,035","19,210","19,230",0,611,"37,387","60,121","2,000",0.00,385,N/A,N/A,N/A,N/A,N/A,N/A,N/A,N/A,N/A,N/A,N/A,N/A,N/A,N/A
1099,미래에셋 K200 Auto-KO-P 2206-01 ETN,"12,800",340,+2.73%,0,"80,000","12,795","12,800","12,790","12,770","12,790","1,023","100,679","50,000","50,004","3,000",0.00,384,N/A,N/A,N/A,N/A,N/A,N/A,N/A,N/A,N/A,N/A,N/A,N/A,N/A,N/A
1100,KODEX 차이나H레버리지(H),"3,455",165,-4.56%,0,"304,854","3,630","3,640","3,395","3,455","3,460","1,056","404,754","95,028","14,726","11,100",0.00,384,N/A,N/A,N/A,N/A,N/A,N/A,N/A,N/A,N/A,N/A,N/A,N/A,N/A,N/A
N,종목명,현재가,전일비,등락률,액면가,거래량,시가,고가,저가,매수호가,매도호가,거래대금,전일거래량,매수총잔량,매도총잔량,상장주식수,외국인비율,시가총액,매출액,자산총계,부채총계,영업이익,매출액증가율,당기순이익,주당순이익,보통주배당금,영업이익증가율,PER,ROE,ROA,PBR,유보율
1101,일정실업,"31,850",200,-0.62%,"5,000","3,139","32,000","32,550","31,000","31,550","31,650",98,"5,624",864,457,"1,200",1.02,382,313,468,212,-73,-21.26,-42,"-8,681",N/A,55.05,-3.67,-15.33,-7.87,1.69,288.4
1102,KOSEF 미국달러선물레버리지,"10,015",120,+1.21%,0,"12,183","9,950","10,025","9,950","10,010","10,020",121,"6,912","23,757","38,413","3,800",0.00,381,N/A,N/A,N/A,N/A,N/A,N/A,N/A,N/A,N/A,N/A,N/A,N/A,N/A,N/A
1103,BYC우,"176,500","2,000",-1.12%,"5,000",61,"176,500","179,000","176,500","175,000","177,000",10,68,16,19,215,0.07,380,N/A,N/A,N/A,N/A,N/A,N/A,"29,219",N/A,N/A,6.04,N/A,N/A,0.31,N/A
1104,솔루스첨단소재2우B,"23,000",150,-0.65%,100,"6,436","23,400","23,400","22,800","22,800","22,850",148,"10,511","1,794",431,"1,646",0.17,379,N/A,N/A,N/A,N/A,N/A,N/A,-254,N/A,N/A,-90.55,N/A,N/A,2.82,N/A
1105,하이트론,"3,905",100,-2.50%,"2,500","161,841","4,005","4,170","3,655","3,910","3,930",640,"376,028","3,426","3,833","9,611",0.59,375,273,614,470,-194,-26.95,-215,"-3,803",0,-26.05,-1.03,-136.89,-36.82,1.77,-19.6
1106,센트럴인사이트,"2,490",0,0.00%,500,0,0,0,0,0,0,0,0,0,0,"15,060",1.93,375,292,265,116,-60,-29.23,-59,-682,0,23.91,-3.65,-53.41,-15.17,1.44,257.5
1107,신한 인버스 2X 천연가스 선물 ETN(H),750,15,+2.04%,0,"3,179,644",760,765,710,745,750,"2,350","2,474,958","785,750","556,030","50,000",0.01,375,N/A,N/A,N/A,N/A,N/A,N/A,N/A,N/A,N/A,N/A,N/A,N/A,N/A,N/A
1108,QV 코스피 200 ETN,"37,470",75,+0.20%,0,2,"37,545","37,545","37,470","37,080","37,150",0,2,100,"30,000","1,000",0.00,374,66,"1,080",644,36,-13.56,12,159,150,-24.13,30.03,2.72,1.10,0.86,12.5
1109,모두투어리츠,"4,775",55,+1.17%,"5,000","6,767","4,800","4,805","4,630","4,765","4,770",32,"12,867","2,245","4,837","7,827",1.04,374,N/A,N/A,N/A,N/A,N/A,N/A,N/A,N/A,N/A,N/A,N/A,N/A,N/A,N/A
1110,TIGER 미국나스닥바이오,"17,455",370,-2.08%,0,"5,309","17,640","17,650","17,265","17,430","17,455",92,"3,068",411,"10,180","2,140",0.00,373,163,383,67,-6,-25.35,0,11,50,"-1,039.38",445.91,-0.08,-0.07,1.15,753.0
1111,태원물산,"4,905",45,-0.91%,500,"7,249","4,950","4,950","4,880","4,880","4,905",35,"14,703","7,520","1,816","7,600",1.61,372,N/A,N/A,N/A,N/A,N/A,N/A,N/A,N/A,N/A,N/A,N/A,N/A,N/A,N/A
1112,진도,"2,970",25,-0.83%,500,"48,439","3,000","3,010","2,960","2,970","2,975",144,"429,619","18,352","4,507","12,448",2.19,370,545,"1,285",314,-17,-30.05,-18,-45,N/A,42.11,-66.00,-1.84,-1.32,0.38,"1,457.4"
1113,SHD,"30,150",50,+0.17%,"5,000","3,546","30,300","30,500","29,800","29,900","30,150",107,"5,957",719,569,"1,215",1.32,366,773,642,296,2,4.34,5,"3,084",100,-81.53,9.78,1.42,0.76,0.96,475.1
1114,메리츠 레버리지 대표 농산물 선물 ETN(H),"36,625","1,930",+5.56%,0,"9,810","34,920","36,970","34,920","36,680","36,735",352,"17,638","13,821","50,020","1,000",0.00,366,N/A,N/A,N/A,N/A,N/A,N/A,N/A,N/A,N/A,N/A,N/A,N/A,N/A,N/A
1115,미래에셋 중국 심천 100 ETN,"18,305",160,+0.88%,0,10,"18,305","18,305","18,305","18,125","18,265",0,563,"20,001","60,490","2,000",0.00,366,N/A,N/A,N/A,N/A,N/A,N/A,N/A,N/A,N/A,N/A,N/A,N/A,N/A,N/A
1116,삼성 미국 대형 가치주 ETN,"17,865",30,+0.17%,0,1,"17,865","17,865","17,865","17,880","17,935",0,17,"9,327","30,012","2,000",0.00,357,N/A,N/A,N/A,N/A,N/A,N/A,N/A,N/A,N/A,N/A,N/A,N/A,N/A,N/A
1117,KODEX 코스피TR,"12,760",145,-1.12%,0,120,"12,850","12,850","12,745","12,745","12,780",1,414,"44,916","44,974","2,800",0.00,357,N/A,N/A,N/A,N/A,N/A,N/A,N/A,N/A,N/A,N/A,N/A,N/A,N/A,N/A
1118,KOSEF 미국달러선물,"12,690",65,+0.51%,0,"9,712","12,645","12,700","12,645","12,690","12,695",123,"9,191","27,074","35,478","2,790",0.07,354,N/A,N/A,N/A,N/A,N/A,N/A,N/A,N/A,N/A,N/A,N/A,N/A,N/A,N/A
1119,TIGER 농산물선물Enhanced(H),"8,170",230,+2.90%,0,"280,375","8,025","8,255","7,985","8,175","8,185","2,270","161,754","13,131","23,311","4,300",0.11,352,N/A,N/A,N/A,N/A,N/A,N/A,N/A,N/A,N/A,N/A,N/A,N/A,N/A,N/A
1120,KODEX 고배당,"10,320",55,-0.53%,0,"12,291","10,375","10,375","10,305","10,310","10,330",126,"6,725","20,806","26,127","3,400",0.01,351,N/A,N/A,N/A,N/A,N/A,N/A,N/A,N/A,N/A,N/A,N/A,N/A,N/A,N/A
1121,KODEX 탄소효율그린뉴딜,"8,960",155,-1.70%,0,678,"9,080","9,080","8,955","8,965","8,980",6,"1,952","7,850","16,818","3,900",0.00,349,N/A,N/A,N/A,N/A,N/A,N/A,N/A,N/A,N/A,N/A,N/A,N/A,N/A,N/A
1122,KBSTAR 내수주플러스,"9,430",35,-0.37%,0,10,"9,390","9,455","9,390","9,400","9,425",0,"2,325","19,994","30,704","3,700",0.00,349,N/A,N/A,N/A,N/A,N/A,N/A,N/A,N/A,N/A,N/A,N/A,N/A,N/A,N/A
1123,삼성 레버리지 금 선물 ETN(H),"34,540",470,+1.38%,0,"14,303","34,360","34,920","34,255","34,510","34,520",495,"3,288","76,327","100,641","1,000",0.00,345,N/A,N/A,N/A,N/A,N/A,N/A,N/A,N/A,N/A,N/A,N/A,N/A,N/A,N/A
1124,KINDEX 삼성그룹섹터가중,"14,920",240,-1.58%,0,458,"15,105","15,105","14,920","14,915","14,950",6,"6,426","14,545","18,289","2,300",0.01,343,N/A,N/A,N/A,N/A,N/A,N/A,N/A,N/A,N/A,N/A,N/A,N/A,N/A,N/A
1125,미래에셋 레버리지 옥수수 선물 ETN,"34,300","1,965",+6.08%,0,"11,590","32,465","34,675","32,465","34,520","34,575",396,"8,341","15,122","59,813","1,000",0.00,343,N/A,N/A,N/A,N/A,N/A,N/A,N/A,N/A,N/A,N/A,N/A,N/A,N/A,N/A
1126,미래에셋 KRX금현물 Auto-KO-C 2312-01 ETN,"11,380",145,+1.29%,0,389,"11,380","11,445","11,345","11,370","11,380",4,"4,245","149,975","149,712","3,000",0.00,341,N/A,N/A,N/A,N/A,N/A,N/A,N/A,N/A,N/A,N/A,N/A,N/A,N/A,N/A
1127,하나 레버리지 콩 선물 ETN(H),"34,120",920,-2.63%,0,907,"34,020","34,510","33,670","34,020","34,160",30,"1,170","4,403","10,120","1,000",0.00,341,N/A,N/A,N/A,N/A,N/A,N/A,N/A,N/A,N/A,N/A,N/A,N/A,N/A,N/A
1128,삼성 미국 대형 가치주 ETN(H),"17,035",85,-0.50%,0,67,"16,965","17,035","16,965","16,965","17,035",1,36,"9,010","30,000","2,000",0.00,341,N/A,N/A,N/A,N/A,N/A,N/A,N/A,N/A,N/A,N/A,N/A,N/A,N/A,N/A
1129,KODEX KRX기후변화솔루션,"8,965",140,-1.54%,0,"2,185","9,060","9,060","8,955","8,955","8,975",19,"1,619","69,410","70,093","3,800",0.00,341,N/A,N/A,N/A,N/A,N/A,N/A,N/A,N/A,N/A,N/A,N/A,N/A,N/A,N/A
1130,삼성 인버스 2X 나스닥 100 ETN(H),"6,810",285,+4.37%,0,"71,456","6,635","6,950","6,635","6,820","6,830",485,"30,416","100,433","100,249","5,000",0.00,341,N/A,N/A,N/A,N/A,N/A,N/A,N/A,N/A,N/A,N/A,N/A,N/A,N/A,N/A
1131,TIGER 200IT레버리지,"48,610","2,425",-4.75%,0,"7,945","50,600","50,600","48,560","48,640","48,700",390,"5,449","1,149","2,529",700,0.03,340,N/A,N/A,N/A,N/A,N/A,N/A,N/A,N/A,N/A,N/A,N/A,N/A,N/A,N/A
1132,삼성 China A50 선물 ETN(H),"16,750",0,0.00%,0,0,"16,750","16,750","16,750","16,405","16,425",0,0,"1,368","60,000","2,000",0.00,335,N/A,N/A,N/A,N/A,N/A,N/A,N/A,N/A,N/A,N/A,N/A,N/A,N/A,N/A
1133,체시스,"1,045",5,-0.48%,500,"26,323","1,050","1,055","1,035","1,040","1,045",27,"126,093","70,354","48,473","32,000",0.53,334,429,812,479,-17,-14.48,-23,-60,N/A,41.08,-17.42,-8.25,-2.84,1.10,62.5
1134,KOSEF 국고채3년,"110,520",5,0.00%,0,"2,206","110,515","110,540","110,440","110,485","110,520",243,364,"15,028","13,077",300,0.00,332,N/A,N/A,N/A,N/A,N/A,N/A,N/A,N/A,N/A,N/A,N/A,N/A,N/A,N/A
1135,하나 레버리지 옥수수 선물 ETN(H),"33,105","1,605",+5.10%,0,225,"31,810","33,510","31,810","33,065","33,510",7,267,"10,282","10,000","1,000",0.00,331,N/A,N/A,N/A,N/A,N/A,N/A,N/A,N/A,N/A,N/A,N/A,N/A,N/A,N/A
1136,코아스,"1,070",10,-0.93%,500,"55,743","1,080","1,080","1,065","1,070","1,075",59,"126,923","203,732","61,439","30,907",5.31,331,982,732,492,-22,-12.99,-17,-52,0,-170.14,-20.58,-6.81,-2.32,1.46,54.7
1137,KBSTAR 200선물인버스2X,"2,520",60,+2.44%,0,"440,532","2,465","2,535","2,460","2,515","2,520","1,100","473,745","360,274","260,708","13,100",3.72,330,N/A,N/A,N/A,N/A,N/A,N/A,N/A,N/A,N/A,N/A,N/A,N/A,N/A,N/A
1138,신한 인버스 2X WTI원유 선물 ETN(H),165,15,+10.00%,0,"9,938,662",165,165,155,160,165,"1,600","35,720,630","25,088,544","8,698,794","200,000",0.01,329,N/A,N/A,N/A,N/A,N/A,N/A,N/A,N/A,N/A,N/A,N/A,N/A,N/A,N/A
1139,다이나믹디자인,208,4,+1.96%,500,"4,876,862",204,216,201,207,208,"1,007","5,532,230","740,978","689,241","158,289",0.49,328,N/A,N/A,N/A,N/A,N/A,N/A,N/A,N/A,N/A,N/A,N/A,N/A,N/A,N/A
1140,TIGER KRX기후변화솔루션,"8,995",145,-1.59%,0,"1,072","9,120","9,120","8,995","9,000","9,010",9,846,"77,002","86,191","3,650",0.00,328,N/A,N/A,N/A,N/A,N/A,N/A,N/A,N/A,N/A,N/A,N/A,N/A,N/A,N/A
1141,신한 레버리지 다우존스지수 선물 ETN(H),"32,780",875,-2.60%,0,"1,661","33,565","33,565","32,415","32,770","32,810",54,417,"42,563","59,748","1,000",0.00,328,768,"1,512",870,-98,-22.76,-384,-270,0,6.84,-0.77,-90.21,-24.63,0.55,-5.2
1142,TIGER 코스피고배당,"15,320",100,-0.65%,0,"1,495","15,405","15,405","15,260","15,280","15,310",22,"11,772","17,667","16,360","2,130",0.24,326,N/A,N/A,N/A,N/A,N/A,N/A,N/A,N/A,N/A,N/A,N/A,N/A,N/A,N/A
1143,HANARO Fn전기&수소차,"8,360",135,-1.59%,0,"8,697","8,485","8,485","8,355","8,355","8,370",73,"11,130","37,852","28,419","3,900",0.27,326,N/A,N/A,N/A,N/A,N/A,N/A,N/A,N/A,N/A,N/A,N/A,N/A,N/A,N/A
1144,KODEX IT,"19,070",555,-2.83%,0,"1,863","19,410","19,410","19,065","19,080","19,110",35,"4,990","29,483","25,651","1,700",0.00,324,N/A,N/A,N/A,N/A,N/A,N/A,N/A,N/A,N/A,N/A,N/A,N/A,N/A,N/A
1145,TIGER 골드선물(H),"13,995",95,+0.68%,0,"34,555","13,955","14,085","13,950","13,995","14,000",484,"44,890","99,537","116,584","2,300",0.03,322,N/A,N/A,N/A,N/A,N/A,N/A,N/A,N/A,N/A,N/A,N/A,N/A,N/A,N/A
1146,미래에셋 원유선물혼합 ETN(H),"32,035","1,260",-3.78%,0,727,"31,800","32,740","31,800","32,035","32,070",23,586,"19,813","59,660","1,000",0.00,320,N/A,N/A,N/A,N/A,N/A,N/A,N/A,N/A,N/A,N/A,N/A,N/A,N/A,N/A
1147,부산주공,484,3,-0.62%,500,"208,704",500,500,480,482,484,101,"272,322","70,632","42,162","65,974",0.88,319,"1,527","2,498","2,231",-45,-25.35,-134,-131,0,49.50,-3.69,-47.39,-5.05,1.25,-87.6
1148,KODEX 200미국채혼합,"12,855",5,+0.04%,0,"27,013","12,850","12,885","12,810","12,850","12,855",346,"10,575","10,771","33,412","2,480",0.07,319,N/A,N/A,N/A,N/A,N/A,N/A,N/A,N/A,N/A,N/A,N/A,N/A,N/A,N/A
1149,TIGER 원유선물인버스(H),"3,405",160,+4.93%,0,"1,816,321","3,375","3,420","3,305","3,390","3,395","6,139","3,792,851","230,734","177,203","9,350",0.43,318,N/A,N/A,N/A,N/A,N/A,N/A,N/A,N/A,N/A,N/A,N/A,N/A,N/A,N/A
1150,남양유업우,"190,500","1,000",-0.52%,"5,000",51,"191,000","191,000","190,000","190,500","191,000",9,149,122,39,167,63.51,317,N/A,N/A,N/A,N/A,N/A,N/A,"-67,673",N/A,N/A,-2.82,N/A,N/A,0.20,N/A
N,종목명,현재가,전일비,등락률,액면가,거래량,시가,고가,저가,매수호가,매도호가,거래대금,전일거래량,매수총잔량,매도총잔량,상장주식수,외국인비율,시가총액,매출액,자산총계,부채총계,영업이익,매출액증가율,당기순이익,주당순이익,보통주배당금,영업이익증가율,PER,ROE,ROA,PBR,유보율
1151,HANARO 코스닥150,"12,685",225,-1.74%,0,231,"12,900","12,900","12,615","12,620","12,670",2,51,"20,953","25,216","2,480",0.60,315,N/A,N/A,N/A,N/A,N/A,N/A,N/A,N/A,N/A,N/A,N/A,N/A,N/A,N/A
1152,KODEX 미국S&P에너지(합성),"10,295",45,+0.44%,0,"39,012","10,250","10,330","10,250","10,295","10,310",402,"40,253","8,481","25,521","3,044",1.93,313,N/A,N/A,N/A,N/A,N/A,N/A,N/A,N/A,N/A,N/A,N/A,N/A,N/A,N/A
1153,KINDEX 친환경자동차밸류체인액티브,"9,625",170,-1.74%,0,835,"9,785","9,785","9,625","9,620","9,635",8,"4,685","15,146","14,865","3,200",0.00,308,N/A,N/A,N/A,N/A,N/A,N/A,N/A,N/A,N/A,N/A,N/A,N/A,N/A,N/A
1154,ARIRANG 미국나스닥테크,"22,750",665,-2.84%,0,"4,966","23,415","23,415","22,495","22,730","22,745",112,"8,295","36,471","30,202","1,350",0.00,307,N/A,N/A,N/A,N/A,N/A,N/A,N/A,N/A,N/A,N/A,N/A,N/A,N/A,N/A
1155,비케이탑스,"1,960",70,-3.45%,500,"185,635","2,040","2,050","1,955","1,965","1,970",367,"290,532","45,610","11,330","15,513",2.11,304,99,692,462,-34,N/A,-494,"-4,222",0,N/A,-0.46,N/A,N/A,1.58,982.3
1156,QV S&P500 버퍼10% 9월 ETN,"10,115",0,0.00%,0,0,"10,115","10,115","10,115","10,105","10,135",0,0,113,"285,000","3,000",0.00,303,N/A,N/A,N/A,N/A,N/A,N/A,N/A,N/A,N/A,N/A,N/A,N/A,N/A,N/A
1157,KODEX 차이나A50,"21,440",210,-0.97%,0,"1,150","21,650","22,000","21,405","21,440","21,470",24,"2,088",212,"18,276","1,400",0.00,300,N/A,N/A,N/A,N/A,N/A,N/A,N/A,N/A,N/A,N/A,N/A,N/A,N/A,N/A
1158,에이리츠,"7,100",120,-1.66%,"5,000","7,477","7,130","7,230","7,080","7,100","7,140",53,"9,231","5,377","1,537","4,217",0.82,299,535,431,64,86,-12.12,67,935,"1,113",-22.51,7.59,19.50,9.88,0.84,93.3
1159,TIGER 미국나스닥100레버리지(합성),"10,140",360,-3.43%,0,"2,815,621","10,290","10,365","9,895","10,120","10,130","28,421","951,095","106,508","154,024","2,950",5.97,299,N/A,N/A,N/A,N/A,N/A,N/A,N/A,N/A,N/A,N/A,N/A,N/A,N/A,N/A
1160,TIGER 200 헬스케어,"19,080",225,-1.17%,0,"3,937","19,305","19,310","19,070","19,095","19,140",75,"34,751","14,268","9,938","1,560",5.32,298,N/A,N/A,N/A,N/A,N/A,N/A,N/A,N/A,N/A,N/A,N/A,N/A,N/A,N/A
1161,대덕전자1우,"14,200",50,-0.35%,500,"11,132","14,200","14,450","14,000","14,150","14,200",157,"42,524","3,700","3,622","2,096",0.57,298,N/A,N/A,N/A,N/A,N/A,N/A,627,N/A,N/A,22.65,N/A,N/A,1.10,N/A
1162,KINDEX ESG액티브,"8,650",155,-1.76%,0,240,"8,765","8,765","8,590","8,630","8,650",2,449,"15,086","15,368","3,400",0.00,294,N/A,N/A,N/A,N/A,N/A,N/A,N/A,N/A,N/A,N/A,N/A,N/A,N/A,N/A
1163,코리아써우,"9,910",70,-0.70%,500,825,"9,900","9,980","9,840","9,860","9,910",8,"3,146","1,883","1,655","2,965",0.96,294,N/A,N/A,N/A,N/A,N/A,N/A,925,N/A,N/A,10.71,N/A,N/A,0.71,N/A
1164,신한 금 선물 ETN(H),"14,690",110,+0.75%,0,"8,993","14,755","14,770","14,675","14,685","14,700",132,662,"52,922","68,405","2,000",0.00,294,N/A,N/A,N/A,N/A,N/A,N/A,N/A,N/A,N/A,N/A,N/A,N/A,N/A,N/A
1165,에셋플러스 글로벌플랫폼액티브,"7,375",280,-3.66%,0,"55,151","7,500","7,600","7,315","7,370","7,380",408,"52,475","23,941","62,778","3,900",0.17,288,N/A,N/A,N/A,N/A,N/A,N/A,N/A,N/A,N/A,N/A,N/A,N/A,N/A,N/A
1166,신한 브렌트원유 선물 ETN(H),"14,380",595,-3.97%,0,"5,863","14,400","14,590","14,200","14,345","14,360",84,"2,057","7,739","9,482","2,000",0.00,288,N/A,N/A,N/A,N/A,N/A,N/A,N/A,N/A,N/A,N/A,N/A,N/A,N/A,N/A
1167,KODEX 코스피대형주,"13,025",140,-1.06%,0,75,"13,150","13,150","13,000","13,000","13,015",0,"19,076","25,047","15,069","2,200",0.00,287,N/A,N/A,N/A,N/A,N/A,N/A,N/A,N/A,N/A,N/A,N/A,N/A,N/A,N/A
1168,LX하우시스우,"27,650",300,-1.07%,"5,000","1,431","27,750","27,950","27,500","27,650","27,750",39,"1,819","1,570",861,"1,032",12.32,285,N/A,N/A,N/A,N/A,N/A,N/A,"-11,536",N/A,N/A,-2.41,N/A,N/A,0.32,N/A
1169,대신 2X 아연선물 ETN(H),"14,220",45,+0.32%,0,852,"14,195","14,265","14,010","14,220","14,230",12,"1,738","8,863","100,006","2,000",0.00,284,N/A,N/A,N/A,N/A,N/A,N/A,N/A,N/A,N/A,N/A,N/A,N/A,N/A,N/A
1170,삼성중공우,"247,000","8,500",+3.56%,"1,000","6,827","242,500","270,000","242,500","248,000","249,000","1,754","5,824",24,48,115,2.36,284,N/A,N/A,N/A,N/A,N/A,N/A,"-2,454",N/A,N/A,-100.65,N/A,N/A,53.28,N/A
1171,ARIRANG 미국장기우량회사채,"97,620","1,010",+1.05%,0,684,"96,610","97,900","96,610","97,300","97,620",66,"1,126",217,"5,019",290,0.00,283,N/A,N/A,N/A,N/A,N/A,N/A,N/A,N/A,N/A,N/A,N/A,N/A,N/A,N/A
1172,KODEX 국채선물10년인버스,"49,135",100,-0.20%,0,81,"49,000","49,300","49,000","49,145","49,180",3,95,"3,990","4,083",576,0.00,283,N/A,N/A,N/A,N/A,N/A,N/A,N/A,N/A,N/A,N/A,N/A,N/A,N/A,N/A
1173,ARIRANG 우량회사채50 1년,"108,845",0,0.00%,0,"1,050","108,835","108,845","108,835","108,840","108,845",114,"3,121","14,865","14,152",260,0.06,283,N/A,N/A,N/A,N/A,N/A,N/A,N/A,N/A,N/A,N/A,N/A,N/A,N/A,N/A
1174,KBSTAR 글로벌4차산업IT(합성 H),"21,640",430,-1.95%,0,"1,066","21,850","21,850","21,615","21,635","21,640",23,786,295,"9,920","1,300",0.00,282,N/A,N/A,N/A,N/A,N/A,N/A,N/A,N/A,N/A,N/A,N/A,N/A,N/A,N/A
1175,미래에셋 에너지화학 Core5 ETN,"14,015",0,0.00%,0,0,"14,015","14,015","14,015","13,850","13,965",0,0,700,"40,000","2,000",0.00,280,N/A,N/A,N/A,N/A,N/A,N/A,N/A,N/A,N/A,N/A,N/A,N/A,N/A,N/A
1176,TIGER 차이나반도체FACTSET,"8,700",75,+0.87%,0,"6,012","8,720","8,760","8,510","8,665","8,670",52,"12,355","1,577","32,265","3,200",0.20,278,N/A,N/A,N/A,N/A,N/A,N/A,N/A,N/A,N/A,N/A,N/A,N/A,N/A,N/A
1177,티와이홀딩스우,"22,100",100,+0.45%,500,"1,121","22,100","22,150","22,000","22,000","22,050",24,"2,795",577,"1,577","1,255",0.46,277,N/A,N/A,N/A,N/A,N/A,N/A,"11,621",N/A,N/A,1.90,N/A,N/A,0.63,N/A
1178,신한 콩 선물 ETN(H),"13,810",160,-1.15%,0,"1,256","13,885","13,895","13,755","13,810","13,845",17,274,"8,984","59,035","2,000",0.00,276,N/A,N/A,N/A,N/A,N/A,N/A,N/A,N/A,N/A,N/A,N/A,N/A,N/A,N/A
1179,미래에셋 미디어엔터 Core5 ETN,"13,800",0,0.00%,0,0,"13,800","13,800","13,800","13,545","13,660",0,0,345,"40,001","2,000",0.00,276,N/A,N/A,N/A,N/A,N/A,N/A,N/A,N/A,N/A,N/A,N/A,N/A,N/A,N/A
1180,신한 레버리지 구리 선물 ETN,"27,595","1,330",+5.06%,0,"2,636","26,690","27,595","26,440","27,550","27,560",71,"8,254","19,054","98,833","1,000",0.00,276,N/A,N/A,N/A,N/A,N/A,N/A,N/A,N/A,N/A,N/A,N/A,N/A,N/A,N/A
1181,신한 은 선물 ETN(H),"13,775",45,-0.33%,0,"3,786","13,715","13,805","13,695","13,710","13,735",52,"8,141","58,545","57,696","2,000",0.00,276,N/A,N/A,N/A,N/A,N/A,N/A,N/A,N/A,N/A,N/A,N/A,N/A,N/A,N/A
1182,TIGER 구리실물,"11,535",310,+2.76%,0,"31,418","11,255","11,595","11,255","11,540","11,545",362,"29,862","31,852","4,265","2,350",0.01,271,N/A,N/A,N/A,N/A,N/A,N/A,N/A,N/A,N/A,N/A,N/A,N/A,N/A,N/A
1183,KODEX 미국러셀2000(H),"13,060",355,-2.65%,0,"1,623","13,270","13,270","13,005","13,060","13,095",21,"10,169","25,130","38,992","2,050",0.08,268,N/A,N/A,N/A,N/A,N/A,N/A,N/A,N/A,N/A,N/A,N/A,N/A,N/A,N/A
1184,KINDEX 미국다우존스리츠(합성 H),"94,880",585,+0.62%,0,43,"94,560","94,880","94,310","94,295","94,880",4,74,"6,044","7,217",280,0.00,266,N/A,N/A,N/A,N/A,N/A,N/A,N/A,N/A,N/A,N/A,N/A,N/A,N/A,N/A
1185,KODEX 에너지화학,"16,485",250,-1.49%,0,"7,547","16,680","16,680","16,410","16,405","16,445",124,"470,177","20,153","18,539","1,610",0.01,265,N/A,N/A,N/A,N/A,N/A,N/A,N/A,N/A,N/A,N/A,N/A,N/A,N/A,N/A
1186,삼성 KRX 금현물 ETN,"13,130",140,+1.08%,0,"2,637","13,075","13,215","13,075","13,130","13,140",34,"2,658","80,021","100,616","2,000",0.00,263,N/A,N/A,N/A,N/A,N/A,N/A,N/A,N/A,N/A,N/A,N/A,N/A,N/A,N/A
1187,KODEX 미국채울트라30년선물(H),"11,865",120,+1.02%,0,"27,045","11,750","12,000","11,750","11,865","11,875",320,"59,136","21,115","25,034","2,200",0.00,261,N/A,N/A,N/A,N/A,N/A,N/A,N/A,N/A,N/A,N/A,N/A,N/A,N/A,N/A
1188,덕성우,"18,600","1,550",-7.69%,500,"238,164","19,950","20,050","18,250","18,400","18,450","4,538","782,973","13,900","9,268","1,392",0.37,259,N/A,N/A,N/A,N/A,N/A,N/A,256,N/A,N/A,72.66,N/A,N/A,3.61,N/A
1189,KBSTAR 중장기국공채액티브,"101,530",55,-0.05%,0,4,"101,460","101,650","101,460","101,550","101,610",0,6,"15,000","14,996",255,0.00,259,N/A,N/A,N/A,N/A,N/A,N/A,N/A,N/A,N/A,N/A,N/A,N/A,N/A,N/A
1190,세방우,"7,010",90,-1.27%,500,"2,375","7,100","7,100","7,010","7,000","7,090",31,"1,651","2,053","1,363","3,689",10.64,258,N/A,N/A,N/A,N/A,N/A,N/A,"2,149",N/A,N/A,3.25,N/A,N/A,0.17,N/A
1191,KODEX 배당성장,"14,700",105,-0.71%,0,"6,162","14,800","14,800","14,615","14,670","14,700",90,835,"25,721","21,049","1,750",0.76,257,N/A,N/A,N/A,N/A,N/A,N/A,N/A,N/A,N/A,N/A,N/A,N/A,N/A,N/A
1192,TIGER S&P글로벌헬스케어(합성),"18,130",90,-0.49%,0,"1,680","18,290","18,290","18,115","18,125","18,130",30,"1,568",151,"40,211","1,400",0.00,254,N/A,N/A,N/A,N/A,N/A,N/A,N/A,N/A,N/A,N/A,N/A,N/A,N/A,N/A
1193,ARIRANG 미국다우존스고배당주(합성 H),"16,580",150,+0.91%,0,"1,911","16,680","16,680","16,535","16,570","16,580","7,290","493,833","42,512","51,227","2,600",0.43,254,N/A,N/A,N/A,N/A,N/A,N/A,N/A,N/A,N/A,N/A,N/A,N/A,N/A,N/A
1194,KINDEX G2전기차&자율주행액티브,"9,755",390,-3.84%,0,"736,392","9,960","10,025","9,740","9,750","9,755",36,"9,442","6,130","9,338","1,530",0.02,253,N/A,N/A,N/A,N/A,N/A,N/A,N/A,N/A,N/A,N/A,N/A,N/A,N/A,N/A
1195,KINDEX 골드선물 레버리지(합성 H),"19,295",265,+1.39%,0,"10,873","19,105","19,430","19,080","19,280","19,300",209,"7,110","3,433","9,565","1,300",0.00,251,N/A,N/A,N/A,N/A,N/A,N/A,N/A,N/A,N/A,N/A,N/A,N/A,N/A,N/A
1196,신한 옥수수 선물 ETN(H),"12,490",330,+2.71%,0,"12,696","12,275","12,610","12,160","12,525","12,540",157,"13,943","53,976","54,819","2,000",0.00,250,N/A,N/A,N/A,N/A,N/A,N/A,N/A,N/A,N/A,N/A,N/A,N/A,N/A,N/A
1197,TIGER AI코리아그로스액티브,"12,335",150,-1.20%,0,"1,608","12,400","12,400","12,290","12,290","12,325",19,29,"13,011","11,633","2,000",0.00,247,N/A,N/A,N/A,N/A,N/A,N/A,N/A,N/A,N/A,N/A,N/A,N/A,N/A,N/A
1198,TRUE 레버리지 구리 선물 ETN,"24,595","1,005",+4.26%,0,3,"24,000","24,595","24,000","24,740","24,755",0,0,100,"119,997","1,000",0.00,246,N/A,N/A,N/A,N/A,N/A,N/A,N/A,N/A,N/A,N/A,N/A,N/A,N/A,N/A
1199,신한 레버리지 미국달러 선물 ETN,"12,260",155,+1.28%,0,"1,092","12,185","12,260","12,185","12,255","12,265",13,178,"11,638","19,994","2,000",0.00,245,N/A,N/A,N/A,N/A,N/A,N/A,N/A,N/A,N/A,N/A,N/A,N/A,N/A,N/A
1200,KODEX WTI원유선물인버스(H),"4,805",180,+3.89%,0,"3,564,170","4,745","4,840","4,675","4,790","4,795","17,024","5,283,884","174,295","294,184","5,075",0.00,244,N/A,N/A,N/A,N/A,N/A,N/A,N/A,N/A,N/A,N/A,N/A,N/A,N/A,N/A
N,종목명,현재가,전일비,등락률,액면가,거래량,시가,고가,저가,매수호가,매도호가,거래대금,전일거래량,매수총잔량,매도총잔량,상장주식수,외국인비율,시가총액,매출액,자산총계,부채총계,영업이익,매출액증가율,당기순이익,주당순이익,보통주배당금,영업이익증가율,PER,ROE,ROA,PBR,유보율
1201,TIGER 차이나CSI300인버스(합성),"7,615",35,+0.46%,0,"1,454","7,590","7,630","7,565","7,605","7,620",11,"2,538","36,727","5,706","3,200",0.00,244,N/A,N/A,N/A,N/A,N/A,N/A,N/A,N/A,N/A,N/A,N/A,N/A,N/A,N/A
1202,KODEX WTI원유선물인버스(H),"4,800",175,+3.78%,0,"3,567,377","4,745","4,840","4,675","4,795","4,800","17,026","5,283,884","161,719","304,258","5,075",0.00,244,N/A,N/A,N/A,N/A,N/A,N/A,N/A,N/A,N/A,N/A,N/A,N/A,N/A,N/A
1203,미래에셋 KRX금 Auto-KO-C(참200) 2210 ETN,"12,150",0,0.00%,0,0,"12,150","12,150","12,150","12,365","12,380",0,0,100,"40,000","2,000",0.00,243,N/A,N/A,N/A,N/A,N/A,N/A,N/A,N/A,N/A,N/A,N/A,N/A,N/A,N/A
1204,삼성 레버리지 구리 선물 ETN(H),"24,245","1,050",+4.53%,0,"21,573","23,515","24,280","23,240","24,165","24,180",509,"14,923","20,753","62,911","1,000",0.00,242,N/A,N/A,N/A,N/A,N/A,N/A,N/A,N/A,N/A,N/A,N/A,N/A,N/A,N/A
1205,TIGER Fn신재생에너지,"9,135",40,+0.44%,0,"112,802","9,080","9,155","9,020","9,110","9,115","1,027","76,830","92,861","71,198","2,650",0.00,242,N/A,N/A,N/A,N/A,N/A,N/A,N/A,N/A,N/A,N/A,N/A,N/A,N/A,N/A
1206,TIGER 인도니프티50레버리지(합성),"21,570","1,120",-4.94%,0,"16,196","22,590","22,590","21,365","21,680","21,715",351,"4,853","1,259","9,349","1,120",0.00,242,N/A,N/A,N/A,N/A,N/A,N/A,N/A,N/A,N/A,N/A,N/A,N/A,N/A,N/A
1207,미래에셋 코스닥150 Auto-KO-P 2212-01 ETN,"12,075",655,+5.74%,0,"1,651","11,680","12,075","11,680","12,040","12,065",19,"8,414","4,549","49,216","2,000",0.00,241,N/A,N/A,N/A,N/A,N/A,N/A,N/A,N/A,N/A,N/A,N/A,N/A,N/A,N/A
1208,TIGER 200 금융,"7,115",90,-1.25%,0,"18,040","7,165","7,165","7,075","7,110","7,120",128,"14,180","33,499","18,394","3,380",0.02,240,N/A,N/A,N/A,N/A,N/A,N/A,N/A,N/A,N/A,N/A,N/A,N/A,N/A,N/A
1209,KINDEX 아시아TOP50S&P,"13,310",250,-1.84%,0,"1,021","13,450","13,575","13,290","13,280","13,305",13,248,152,"9,247","1,800",0.00,240,N/A,N/A,N/A,N/A,N/A,N/A,N/A,N/A,N/A,N/A,N/A,N/A,N/A,N/A
1210,SOL 200 Top10,"8,555",205,-2.34%,0,"8,408","8,735","8,735","8,555","8,555","8,565",72,"8,048","55,038","53,552","2,800",0.00,240,N/A,N/A,N/A,N/A,N/A,N/A,N/A,N/A,N/A,N/A,N/A,N/A,N/A,N/A
1211,QV 레버리지 구리 선물 ETN(H),"23,845","1,575",+7.07%,0,35,"23,235","23,845","23,235","23,935","23,980",0,51,100,"30,000","1,000",0.00,238,N/A,N/A,N/A,N/A,N/A,N/A,N/A,N/A,N/A,N/A,N/A,N/A,N/A,N/A
1212,메리츠 레버리지 구리 선물 ETN(H),"23,845",885,+3.85%,0,2,"23,320","23,845","23,320","23,940","23,985",0,0,"10,000","29,998","1,000",0.00,238,N/A,N/A,N/A,N/A,N/A,N/A,N/A,N/A,N/A,N/A,N/A,N/A,N/A,N/A
1213,신한 K200 USD 선물 바이셀 ETN,"11,920",230,-1.89%,0,2,"12,080","12,080","11,920","11,885","11,895",0,7,483,"10,003","2,000",0.00,238,N/A,N/A,N/A,N/A,N/A,N/A,N/A,N/A,N/A,N/A,N/A,N/A,N/A,N/A
1214,하나 레버리지 구리 선물 ETN(H),"23,790",860,+3.75%,0,2,"23,270","23,790","23,270","23,905","23,950",0,0,100,"40,000","1,000",0.00,238,N/A,N/A,N/A,N/A,N/A,N/A,N/A,N/A,N/A,N/A,N/A,N/A,N/A,N/A
1215,NPC우,"4,500",25,+0.56%,500,"46,724","4,465","4,580","4,465","4,500","4,535",210,"62,026","6,013","8,483","5,280",1.87,238,N/A,N/A,N/A,N/A,N/A,N/A,589,N/A,N/A,7.64,N/A,N/A,0.60,N/A
1216,KOSEF 미국달러선물인버스2X,"7,420",95,-1.26%,0,"9,450","7,470","7,470","7,415","7,420","7,430",70,"2,020","39,718","25,656","3,190",0.00,237,N/A,N/A,N/A,N/A,N/A,N/A,N/A,N/A,N/A,N/A,N/A,N/A,N/A,N/A
1217,TRUE 레버리지 금 선물 ETN,"23,525",0,0.00%,0,0,"23,525","23,525","23,525","23,960","23,965",0,0,145,"75,000","1,000",0.00,235,N/A,N/A,N/A,N/A,N/A,N/A,N/A,N/A,N/A,N/A,N/A,N/A,N/A,N/A
1218,HANARO Fn K-POP&미디어,"9,800",20,-0.20%,0,"7,632","9,795","9,845","9,735","9,770","9,790",74,"7,995","21,913","18,246","2,400",0.07,235,N/A,N/A,N/A,N/A,N/A,N/A,N/A,N/A,N/A,N/A,N/A,N/A,N/A,N/A
1219,TIMEFOLIO BBIG액티브,"9,030",150,-1.63%,0,478,"9,195","9,195","9,030","9,035","9,050",4,"1,664","15,182","38,772","2,600",0.03,235,N/A,N/A,N/A,N/A,N/A,N/A,N/A,N/A,N/A,N/A,N/A,N/A,N/A,N/A
1220,TIGER KRX게임K-뉴딜,"9,005",345,-3.69%,0,"103,546","9,340","9,340","9,005","9,005","9,010",941,"126,573","20,554","19,474","2,600",4.03,234,N/A,N/A,N/A,N/A,N/A,N/A,N/A,N/A,N/A,N/A,N/A,N/A,N/A,N/A
1221,KBSTAR 국고채3년,"111,110",60,+0.05%,0,51,"111,100","111,130","110,975","111,050","111,105",5,793,"12,029","11,961",210,0.00,233,N/A,N/A,N/A,N/A,N/A,N/A,N/A,N/A,N/A,N/A,N/A,N/A,N/A,N/A
1222,미래에셋 K200 Auto-KO-P 2212-01 ETN,"11,640",420,+3.74%,0,"1,836","11,490","11,740","11,460","11,615","11,650",21,"3,990","3,264","50,000","2,000",0.00,233,N/A,N/A,N/A,N/A,N/A,N/A,N/A,N/A,N/A,N/A,N/A,N/A,N/A,N/A
1223,KBSTAR 비메모리반도체액티브,"10,190",155,-1.50%,0,"39,815","10,345","10,345","10,175","10,190","10,205",406,"20,178","4,840","13,373","2,280",1.66,232,N/A,N/A,N/A,N/A,N/A,N/A,N/A,N/A,N/A,N/A,N/A,N/A,N/A,N/A
1224,삼성 레버리지 나스닥 100 ETN(H),"11,615",530,-4.36%,0,"43,784","11,915","11,915","11,350","11,590","11,615",505,"25,478","60,902","60,620","2,000",0.00,232,N/A,N/A,N/A,N/A,N/A,N/A,N/A,N/A,N/A,N/A,N/A,N/A,N/A,N/A
1225,대상우,"16,950",50,-0.29%,"1,000","1,376","17,150","17,150","16,900","16,950","17,100",23,"4,374","1,478",843,"1,370",3.68,232,N/A,N/A,N/A,N/A,N/A,N/A,"2,585",N/A,N/A,6.56,N/A,N/A,0.52,N/A
1226,ARIRANG 미국단기우량회사채,"100,600",150,-0.15%,0,13,"100,270","101,110","100,270","100,570","101,105",1,443,"10,096","8,125",230,0.00,231,N/A,N/A,N/A,N/A,N/A,N/A,N/A,N/A,N/A,N/A,N/A,N/A,N/A,N/A
1227,KODEX 헬스케어,"13,570",230,-1.67%,0,"4,567","13,695","13,735","13,545","13,545","13,585",62,"27,288","5,991","12,746","1,700",1.36,231,N/A,N/A,N/A,N/A,N/A,N/A,N/A,N/A,N/A,N/A,N/A,N/A,N/A,N/A
1228,하이트진로2우B,"20,350",250,+1.24%,"5,000","1,551","20,100","20,400","20,000","20,200","20,250",31,971,671,866,"1,130",2.87,230,N/A,N/A,N/A,N/A,N/A,N/A,734,N/A,N/A,27.72,N/A,N/A,1.29,N/A
1229,TRUE 인버스 2X 천연가스 선물 ETN(H),"2,280",35,+1.56%,0,"1,216,129","2,320","2,320","2,165","2,280","2,285","2,742","1,236,377","377,146","323,785","10,000",0.00,228,N/A,N/A,N/A,N/A,N/A,N/A,N/A,N/A,N/A,N/A,N/A,N/A,N/A,N/A
1230,유유제약1우,"9,980",470,-4.50%,"1,000","39,913","10,350","10,450","9,950","9,980","10,050",405,"35,555","6,113","4,814","2,267",1.17,226,N/A,N/A,N/A,N/A,N/A,N/A,-52,N/A,N/A,-192.12,N/A,N/A,1.51,N/A
1231,SOL 미국S&P500ESG,"10,270",90,-0.87%,0,"7,809","10,280","10,410","10,180","10,235","10,260",80,"14,899","99,950","89,689","2,200",0.03,226,N/A,N/A,N/A,N/A,N/A,N/A,N/A,N/A,N/A,N/A,N/A,N/A,N/A,N/A
1232,KINDEX 미국고배당S&P,"10,255",5,-0.05%,0,"13,876","10,320","10,340","10,160","10,240","10,250",142,"19,511","7,738","38,635","2,200",0.09,226,N/A,N/A,N/A,N/A,N/A,N/A,N/A,N/A,N/A,N/A,N/A,N/A,N/A,N/A
1233,HANARO Fn K-게임,"7,380",300,-3.91%,0,"4,199","7,660","7,660","7,380","7,380","7,385",31,"3,069","22,068","22,481","3,050",0.00,225,N/A,N/A,N/A,N/A,N/A,N/A,N/A,N/A,N/A,N/A,N/A,N/A,N/A,N/A
1234,삼성 코스피 풋매도 4% OTM ETN,"11,250",0,0.00%,0,0,"11,250","11,250","11,250","11,205","11,210",0,0,100,"30,000","2,000",0.00,225,N/A,N/A,N/A,N/A,N/A,N/A,N/A,N/A,N/A,N/A,N/A,N/A,N/A,N/A
1235,QV 레버리지 금 선물 ETN(H),"22,385",0,0.00%,0,0,"22,385","22,385","22,385","22,630","22,675",0,1,100,"30,000","1,000",0.00,224,N/A,N/A,N/A,N/A,N/A,N/A,N/A,N/A,N/A,N/A,N/A,N/A,N/A,N/A
1236,HANARO 고배당,"11,460",5,-0.04%,0,544,"11,540","11,540","11,370","11,455","11,470",6,655,"20,280","25,190","1,950",0.00,223,N/A,N/A,N/A,N/A,N/A,N/A,N/A,N/A,N/A,N/A,N/A,N/A,N/A,N/A
1237,KODEX TRF7030,"13,125",100,-0.76%,0,"9,047","13,105","13,200","13,050","13,095","13,120",118,"2,113","9,659","38,304","1,700",0.00,223,N/A,N/A,N/A,N/A,N/A,N/A,N/A,N/A,N/A,N/A,N/A,N/A,N/A,N/A
1238,베트남개발1,162,1,-0.61%,0,"26,199",162,163,162,162,163,4,"23,018","975,054","313,083","137,680",0.00,223,N/A,N/A,N/A,N/A,N/A,N/A,N/A,N/A,N/A,N/A,N/A,N/A,N/A,N/A
1239,메리츠 레버리지 금 선물 ETN(H),"22,180",0,0.00%,0,0,"22,180","22,180","22,180","22,465","22,475",0,1,100,"30,000","1,000",0.00,222,N/A,N/A,N/A,N/A,N/A,N/A,N/A,N/A,N/A,N/A,N/A,N/A,N/A,N/A
1240,KODEX 운송,"6,135",180,+3.02%,0,"335,130","5,985","6,185","5,950","6,140","6,155","2,042","148,178","22,163","21,312","3,600",0.09,221,N/A,N/A,N/A,N/A,N/A,N/A,N/A,N/A,N/A,N/A,N/A,N/A,N/A,N/A
1241,KB 인버스 2X 항셍테크 선물 ETN,"22,085","1,790",+8.82%,0,312,"21,410","22,085","20,220","21,910","22,085",6,"4,571","2,985","3,001","1,000",0.00,221,N/A,N/A,N/A,N/A,N/A,N/A,N/A,N/A,N/A,N/A,N/A,N/A,N/A,N/A
1242,메리츠 미국레버리지 인플레이션국채ETN(H),"11,040",90,+0.82%,0,"2,220","10,920","11,055","10,920","11,040","11,045",24,"1,900","5,757","80,050","2,000",0.00,221,N/A,N/A,N/A,N/A,N/A,N/A,N/A,N/A,N/A,N/A,N/A,N/A,N/A,N/A
1243,KODEX TRF5050,"12,165",5,+0.04%,0,906,"12,205","12,205","12,070","12,115","12,170",10,"4,741","20,513","42,194","1,800",0.00,219,N/A,N/A,N/A,N/A,N/A,N/A,N/A,N/A,N/A,N/A,N/A,N/A,N/A,N/A
1244,TRUE 레버리지 베트남 VN30 선물 ETN(H),"21,700",205,+0.95%,0,3,"21,785","21,785","21,700","21,715","21,720",0,"3,471","5,889","119,997","1,000",0.00,217,N/A,N/A,N/A,N/A,N/A,N/A,N/A,N/A,N/A,N/A,N/A,N/A,N/A,N/A
1245,QV iSelect 글로벌 EMP ETN(H),"10,825",0,0.00%,0,0,"10,825","10,825","10,825","10,780","10,800",0,2,642,"270,000","2,000",0.00,216,N/A,N/A,N/A,N/A,N/A,N/A,N/A,N/A,N/A,N/A,N/A,N/A,N/A,N/A
1246,KODEX Fn시스템반도체,"9,000",165,-1.80%,0,"19,957","9,140","9,140","8,985","8,995","9,000",179,"9,941","24,763","16,837","2,400",0.00,216,N/A,N/A,N/A,N/A,N/A,N/A,N/A,N/A,N/A,N/A,N/A,N/A,N/A,N/A
1247,KOSEF 200선물레버리지,"17,840",610,-3.31%,0,"5,171","18,330","18,330","17,750","17,850","17,865",92,"14,835","39,287","37,239","1,210",0.00,216,N/A,N/A,N/A,N/A,N/A,N/A,N/A,N/A,N/A,N/A,N/A,N/A,N/A,N/A
1248,KTOP 코스피50,"25,610",375,-1.44%,0,105,"26,010","26,010","25,550","25,550","25,605",2,103,"15,004","15,000",840,0.02,215,N/A,N/A,N/A,N/A,N/A,N/A,N/A,N/A,N/A,N/A,N/A,N/A,N/A,N/A
1249,ARIRANG 코스피,"28,510",320,-1.11%,0,250,"28,820","28,820","28,455","28,495","28,515",7,693,"30,032","23,819",750,0.13,214,N/A,N/A,N/A,N/A,N/A,N/A,N/A,N/A,N/A,N/A,N/A,N/A,N/A,N/A
1250,신한 인버스 코스닥 150 선물 ETN,"10,690",185,+1.76%,0,"21,052","10,460","10,690","10,445","10,695","10,710",223,102,"1,442","30,091","2,000",0.00,214,N/A,N/A,N/A,N/A,N/A,N/A,N/A,N/A,N/A,N/A,N/A,N/A,N/A,N/A
N,종목명,현재가,전일비,등락률,액면가,거래량,시가,고가,저가,매수호가,매도호가,거래대금,전일거래량,매수총잔량,매도총잔량,상장주식수,외국인비율,시가총액,매출액,자산총계,부채총계,영업이익,매출액증가율,당기순이익,주당순이익,보통주배당금,영업이익증가율,PER,ROE,ROA,PBR,유보율
1251,미래에셋 인버스 코스닥150 선물 ETN,"10,690",195,+1.86%,0,262,"10,560","10,710","10,550","10,690","10,700",2,242,"1,885","39,853","2,000",0.00,214,N/A,N/A,N/A,N/A,N/A,N/A,N/A,N/A,N/A,N/A,N/A,N/A,N/A,N/A
1252,QV S&P500 VIX S/T 선물 ETN C,"10,645",535,+5.29%,0,"1,190","10,060","10,865","10,060","10,610","10,640",12,"2,358","19,571","285,640","2,000",0.00,213,N/A,N/A,N/A,N/A,N/A,N/A,N/A,N/A,N/A,N/A,N/A,N/A,N/A,N/A
1253,KODEX 배당성장채권혼합,"11,805",30,-0.25%,0,"2,167","11,835","11,860","11,790","11,805","11,825",25,"7,173","26,016","25,885","1,800",0.00,212,N/A,N/A,N/A,N/A,N/A,N/A,N/A,N/A,N/A,N/A,N/A,N/A,N/A,N/A
1254,넥센타이어1우B,"3,265",15,-0.46%,500,"2,768","3,295","3,295","3,215","3,220","3,265",8,"6,634","8,217","33,552","6,500",5.39,212,N/A,N/A,N/A,N/A,N/A,N/A,258,N/A,N/A,12.66,N/A,N/A,0.21,N/A
1255,미래에셋 인버스 코스피200 선물 ETN,"10,590",80,+0.76%,0,120,"10,475","10,600","10,465","10,590","10,600",1,2,936,"39,940","2,000",0.00,212,N/A,N/A,N/A,N/A,N/A,N/A,N/A,N/A,N/A,N/A,N/A,N/A,N/A,N/A
1256,메리츠 미국 인플레이션 국채 ETN(H),"10,560",35,+0.33%,0,"2,130","10,625","10,625","10,545","10,555","10,560",22,"1,895","50,000","100,000","2,000",0.00,211,N/A,N/A,N/A,N/A,N/A,N/A,N/A,N/A,N/A,N/A,N/A,N/A,N/A,N/A
1257,TIGER 코스닥150선물인버스,"4,755",95,+2.04%,0,"341,423","4,695","4,775","4,695","4,765","4,770",42,"28,422","29,935","30,976","1,240",0.18,209,N/A,N/A,N/A,N/A,N/A,N/A,N/A,N/A,N/A,N/A,N/A,N/A,N/A,N/A
1258,TIGER 200 에너지화학,"16,865",280,-1.63%,0,"2,456","17,100","17,100","16,820","16,840","16,870","1,616","528,633","97,573","139,673","4,400",1.14,209,N/A,N/A,N/A,N/A,N/A,N/A,N/A,N/A,N/A,N/A,N/A,N/A,N/A,N/A
1259,메리츠 레버리지 인플레이션 국채 ETN,"10,445",10,-0.10%,0,"1,006","10,455","10,455","10,440","10,445","10,450",10,"1,017","14,096","100,000","2,000",0.00,209,N/A,N/A,N/A,N/A,N/A,N/A,N/A,N/A,N/A,N/A,N/A,N/A,N/A,N/A
1260,TRUE 레버리지 은 선물 ETN,"20,865",0,0.00%,0,0,"20,865","20,865","20,865","20,775","20,780",0,0,"1,508","60,000","1,000",0.00,209,N/A,N/A,N/A,N/A,N/A,N/A,N/A,N/A,N/A,N/A,N/A,N/A,N/A,N/A
1261,신한 인버스 코스피 200 선물 ETN,"10,415",95,-0.90%,0,2,"10,430","10,430","10,415","10,580","10,595",0,2,990,"30,000","2,000",0.00,208,N/A,N/A,N/A,N/A,N/A,N/A,N/A,N/A,N/A,N/A,N/A,N/A,N/A,N/A
1262,미래에셋 레버리지 은 선물 ETN,"20,810",0,0.00%,0,0,"20,810","20,810","20,810","20,770","20,785",0,140,100,"60,000","1,000",0.00,208,N/A,N/A,N/A,N/A,N/A,N/A,N/A,N/A,N/A,N/A,N/A,N/A,N/A,N/A
1263,LX홀딩스1우,"14,200",50,-0.35%,"1,000","1,663","14,200","14,350","14,050","14,100","14,250",23,"5,181","1,864","2,262","1,465",3.83,208,N/A,N/A,N/A,N/A,N/A,N/A,N/A,N/A,N/A,N/A,N/A,N/A,0.80,N/A
1264,TIGER 삼성그룹펀더멘털,"11,135",135,-1.20%,0,"1,357","11,295","11,295","11,120","11,125","11,135",15,"2,032","50,385","29,268","1,860",0.00,207,N/A,N/A,N/A,N/A,N/A,N/A,N/A,N/A,N/A,N/A,N/A,N/A,N/A,N/A
1265,신한 FnGuide 폐기물처리 ETN,"10,310",40,-0.39%,0,142,"10,380","10,380","10,300","10,325","10,335",1,"4,025","1,480","49,930","2,000",0.00,207,N/A,N/A,N/A,N/A,N/A,N/A,N/A,N/A,N/A,N/A,N/A,N/A,N/A,N/A
1266,QV 인버스 미국 IT TOP5 ETN(H),"10,305",0,0.00%,0,0,"10,305","10,305","10,305","10,520","10,540",0,4,201,"285,000","2,000",0.00,206,N/A,N/A,N/A,N/A,N/A,N/A,N/A,N/A,N/A,N/A,N/A,N/A,N/A,N/A
1267,메리츠 인플레이션 국채 ETN,"10,255",5,+0.05%,0,"1,602","10,260","10,260","10,255","10,255","10,260",16,"1,066","14,322","100,000","2,000",0.00,205,N/A,N/A,N/A,N/A,N/A,N/A,N/A,N/A,N/A,N/A,N/A,N/A,N/A,N/A
1268,TIGER K게임,"14,045",495,-3.40%,0,"19,034","14,540","14,540","13,970","13,965","13,990",268,"23,744","16,656","18,520","1,450",0.21,204,N/A,N/A,N/A,N/A,N/A,N/A,N/A,N/A,N/A,N/A,N/A,N/A,N/A,N/A
1269,신한 다우존스지수 선물 ETN(H),"20,275",100,-0.49%,0,1,"20,275","20,275","20,275","20,130","20,155",0,0,"1,394","59,999","1,000",0.00,203,N/A,N/A,N/A,N/A,N/A,N/A,N/A,N/A,N/A,N/A,N/A,N/A,N/A,N/A
1270,대신 2X 철광석 선물 ETN(H),"20,205",295,-1.44%,0,"3,653","20,970","21,495","20,205","20,225","20,335",75,"5,101","13,238","70,010","1,000",0.00,202,N/A,N/A,N/A,N/A,N/A,N/A,N/A,N/A,N/A,N/A,N/A,N/A,N/A,N/A
1271,대한제당우,"3,115",95,-2.96%,500,"1,143,225","3,195","3,500","3,090","3,125","3,155","3,757","6,726,249","29,485","12,369","6,483",2.32,202,N/A,N/A,N/A,N/A,N/A,N/A,302,N/A,N/A,10.31,N/A,N/A,0.28,N/A
1272,코오롱우,"18,750",100,-0.53%,"5,000","1,750","18,700","18,800","18,600","18,700","18,750",32,"8,490","2,137","1,943","1,076",7.05,202,N/A,N/A,N/A,N/A,N/A,N/A,"13,418",N/A,N/A,1.40,N/A,N/A,0.59,N/A
1273,신한 FnGuide 메타버스 ETN,"10,045",240,-2.33%,0,"4,396","10,235","10,235","10,030","10,050","10,065",44,"116,658","48,150","47,834","2,000",0.00,201,N/A,N/A,N/A,N/A,N/A,N/A,N/A,N/A,N/A,N/A,N/A,N/A,N/A,N/A
1274,KODEX 국채선물10년,"66,950",150,+0.22%,0,672,"66,595","66,960","66,590","66,885","66,910",44,657,"3,992","7,782",300,0.00,201,N/A,N/A,N/A,N/A,N/A,N/A,N/A,N/A,N/A,N/A,N/A,N/A,N/A,N/A
1275,KBSTAR 200선물레버리지,"18,155",560,-2.99%,0,"24,629","18,700","18,700","17,995","18,120","18,125",448,"8,806","12,205","12,765","1,100",0.03,200,N/A,N/A,N/A,N/A,N/A,N/A,N/A,N/A,N/A,N/A,N/A,N/A,N/A,N/A
1276,미래에셋 Q150 Core5 ETN,"9,980",35,+0.35%,0,2,"10,045","10,045","9,980","9,825","9,850",0,2,157,"39,999","2,000",0.00,200,N/A,N/A,N/A,N/A,N/A,N/A,N/A,N/A,N/A,N/A,N/A,N/A,N/A,N/A
1277,QV 레버리지 은 선물 ETN(H),"19,945",0,0.00%,0,0,"19,945","19,945","19,945","19,810","19,845",0,101,100,"30,000","1,000",0.00,199,N/A,N/A,N/A,N/A,N/A,N/A,N/A,N/A,N/A,N/A,N/A,N/A,N/A,N/A
1278,메리츠 레버리지 은 선물 ETN(H),"19,900",5,-0.03%,0,"3,529","19,965","20,040","19,845","19,845","19,855",70,342,421,"30,014","1,000",0.00,199,N/A,N/A,N/A,N/A,N/A,N/A,N/A,N/A,N/A,N/A,N/A,N/A,N/A,N/A
1279,QV 미국 IT TOP5 ETN(H),"28,330",675,-2.33%,0,593,"28,705","28,705","28,085","28,295","28,330",16,31,"36,906","90,250",700,0.00,198,N/A,N/A,N/A,N/A,N/A,N/A,N/A,N/A,N/A,N/A,N/A,N/A,N/A,N/A
1280,KODEX 미국나스닥100선물인버스(H),"11,405",270,+2.42%,0,"116,551","11,250","11,510","11,250","11,405","11,420","1,329","44,742","117,712","101,209","1,700",10.11,194,N/A,N/A,N/A,N/A,N/A,N/A,N/A,N/A,N/A,N/A,N/A,N/A,N/A,N/A
1281,KOSEF 코스피100,"27,615",430,-1.53%,0,83,"27,865","27,865","27,505","27,575","27,590",2,"5,872","13,019","12,931",700,0.00,193,N/A,N/A,N/A,N/A,N/A,N/A,N/A,N/A,N/A,N/A,N/A,N/A,N/A,N/A
1282,삼양홀딩스우,"63,200","1,400",-2.17%,"5,000",451,"64,900","65,000","63,200","63,400","63,500",28,209,128,647,304,0.26,192,N/A,N/A,N/A,N/A,N/A,N/A,"29,506",N/A,N/A,2.14,N/A,N/A,0.27,N/A
1283,FOCUS KRX300,"17,285",0,0.00%,0,0,"17,285","17,285","17,285","17,010","17,070",0,91,"3,000","3,000","1,100",0.00,190,N/A,N/A,N/A,N/A,N/A,N/A,N/A,N/A,N/A,N/A,N/A,N/A,N/A,N/A
1284,KINDEX 글로벌메타버스테크액티브,"8,265",215,-2.54%,0,"197,986","8,595","8,595","7,860","8,265","8,275","1,631","1,938",728,"15,754","2,300",3.92,190,N/A,N/A,N/A,N/A,N/A,N/A,N/A,N/A,N/A,N/A,N/A,N/A,N/A,N/A
1285,KB 레버리지 항셍테크 선물 ETN(H),"3,165",245,-7.18%,0,"92,738","3,290","3,370","3,135","3,170","3,175",297,"187,761","22,427","25,100","6,000",0.00,190,N/A,N/A,N/A,N/A,N/A,N/A,N/A,N/A,N/A,N/A,N/A,N/A,N/A,N/A
1286,미래에셋 코스피200 선물 ETN,"9,460",35,+0.37%,0,2,"9,475","9,475","9,460","9,350","9,360",0,2,154,"39,999","2,000",0.00,189,N/A,N/A,N/A,N/A,N/A,N/A,N/A,N/A,N/A,N/A,N/A,N/A,N/A,N/A
1287,한화우,"39,000",450,+1.17%,"5,000","1,992","38,000","39,400","38,000","39,000","39,100",76,"4,940",71,14,479,0.08,187,N/A,N/A,N/A,N/A,N/A,N/A,"5,912",N/A,N/A,6.60,N/A,N/A,0.74,N/A
1288,TIGER KRX300,"16,950",110,-0.64%,0,"3,742","17,115","17,115","16,930","16,900","16,940",63,9,"45,604","69,773","1,100",0.32,186,N/A,N/A,N/A,N/A,N/A,N/A,N/A,N/A,N/A,N/A,N/A,N/A,N/A,N/A
1289,KINDEX 러시아MSCI(합성),"10,070","4,310",-29.97%,0,"117,694","10,070","10,070","10,070",0,"10,070","1,188","272,877",0,"421,343","1,850",0.15,186,N/A,N/A,N/A,N/A,N/A,N/A,N/A,N/A,N/A,N/A,N/A,N/A,N/A,N/A
1290,KODEX 다우존스미국리츠(H),"14,290",20,+0.14%,0,"5,083","14,410","14,410","14,195","14,225","14,290",73,"1,431",753,"22,246","1,300",0.00,186,N/A,N/A,N/A,N/A,N/A,N/A,N/A,N/A,N/A,N/A,N/A,N/A,N/A,N/A
1291,신한 코스피 200 ETN,"9,280",130,-1.38%,0,"2,042","9,420","9,420","9,280","9,270","9,285",19,"8,378","2,986","29,983","2,000",0.00,186,N/A,N/A,N/A,N/A,N/A,N/A,N/A,N/A,N/A,N/A,N/A,N/A,N/A,N/A
1292,TIGER MSCI KOREA ESG리더스,"10,120",175,-1.70%,0,220,"10,255","10,255","10,120","10,120","10,155",2,"3,305","25,150","24,918","1,830",0.01,185,N/A,N/A,N/A,N/A,N/A,N/A,N/A,N/A,N/A,N/A,N/A,N/A,N/A,N/A
1293,대신 니켈선물 ETN(H),"26,300",765,+3.00%,0,"2,871","26,055","26,370","25,705","26,250","26,300",75,"3,957","49,728","70,108",700,0.00,184,N/A,N/A,N/A,N/A,N/A,N/A,N/A,N/A,N/A,N/A,N/A,N/A,N/A,N/A
1294,미래에셋 코스닥150 선물 ETN,"9,130",160,-1.72%,0,13,"9,235","9,235","9,130","9,100","9,110",0,"3,904",98,"39,989","2,000",0.00,183,N/A,N/A,N/A,N/A,N/A,N/A,N/A,N/A,N/A,N/A,N/A,N/A,N/A,N/A
1295,한진칼우,"33,950",450,+1.34%,"2,500","2,636","33,200","34,350","33,200","33,700","33,750",89,"14,908",814,293,537,0.86,182,N/A,N/A,N/A,N/A,N/A,N/A,-878,N/A,N/A,-38.67,N/A,N/A,1.63,N/A
1296,KINDEX 코스닥150,"12,915",235,-1.79%,0,"3,629","13,055","13,055","12,850","12,895","12,940",46,"1,376","27,539","30,122","1,400",0.00,181,N/A,N/A,N/A,N/A,N/A,N/A,N/A,N/A,N/A,N/A,N/A,N/A,N/A,N/A
1297,KODEX 글로벌4차산업로보틱스(합성),"16,670",230,-1.36%,0,"1,512","16,690","16,765","16,500","16,665","16,670",25,"2,846",116,"6,436","1,081",0.60,180,N/A,N/A,N/A,N/A,N/A,N/A,N/A,N/A,N/A,N/A,N/A,N/A,N/A,N/A
1298,미래에셋 인버스 2X 은 선물 ETN,"17,990",0,0.00%,0,0,"17,990","17,990","17,990","18,260","18,275",0,0,100,"60,000","1,000",0.00,180,N/A,N/A,N/A,N/A,N/A,N/A,N/A,N/A,N/A,N/A,N/A,N/A,N/A,N/A
1299,TRUE 인버스 2X 은 선물 ETN,"17,950",0,0.00%,0,0,"17,950","17,950","17,950","18,290","18,295",0,897,568,"70,000","1,000",0.00,180,N/A,N/A,N/A,N/A,N/A,N/A,N/A,N/A,N/A,N/A,N/A,N/A,N/A,N/A
1300,신한 코스닥 150 ETN,"8,945",70,-0.78%,0,47,"9,085","9,085","8,945","8,885","8,900",0,22,"1,642","30,000","2,000",0.00,179,N/A,N/A,N/A,N/A,N/A,N/A,N/A,N/A,N/A,N/A,N/A,N/A,N/A,N/A
N,종목명,현재가,전일비,등락률,액면가,거래량,시가,고가,저가,매수호가,매도호가,거래대금,전일거래량,매수총잔량,매도총잔량,상장주식수,외국인비율,시가총액,매출액,자산총계,부채총계,영업이익,매출액증가율,당기순이익,주당순이익,보통주배당금,영업이익증가율,PER,ROE,ROA,PBR,유보율
1301,TRUE 인버스 2X 금 선물 ETN,"17,775",0,0.00%,0,0,"17,775","17,775","17,775","17,610","17,615",0,51,106,"65,000","1,000",0.00,178,N/A,N/A,N/A,N/A,N/A,N/A,N/A,N/A,N/A,N/A,N/A,N/A,N/A,N/A
1302,삼성 인버스 2X 항셍테크 ETN(H),"17,755","1,280",+7.77%,0,"105,277","17,385","17,800","17,385","17,755","17,770","1,864","218,769",619,"30,014","1,000",0.00,178,N/A,N/A,N/A,N/A,N/A,N/A,N/A,N/A,N/A,N/A,N/A,N/A,N/A,N/A
1303,TIGER 글로벌사이버보안INDXX,"11,065",225,-1.99%,0,"249,117","11,260","11,260","10,940","11,055","11,060","2,752","302,326","42,618","54,068","1,600",9.70,177,N/A,N/A,N/A,N/A,N/A,N/A,N/A,N/A,N/A,N/A,N/A,N/A,N/A,N/A
1304,TRUE 인버스 2X 베트남 VN30 선물 ETN(H),"17,580",190,-1.07%,0,"5,469","17,510","17,600","17,510","17,580","17,585",95,"1,608","19,084","119,868","1,000",0.00,176,N/A,N/A,N/A,N/A,N/A,N/A,N/A,N/A,N/A,N/A,N/A,N/A,N/A,N/A
1305,미래에셋 KRX 금Auto-KO-P(참100) 2210 ETN,"8,740",0,0.00%,0,0,"8,740","8,740","8,740","8,635","8,645",0,0,278,"40,000","2,000",0.00,175,N/A,N/A,N/A,N/A,N/A,N/A,N/A,N/A,N/A,N/A,N/A,N/A,N/A,N/A
1306,대신 밀 선물 ETN(H),"17,330","1,050",+6.45%,0,"40,182","15,760","18,835","14,775","17,325","17,660",683,"28,509","1,486",709,"1,000",0.00,173,N/A,N/A,N/A,N/A,N/A,N/A,N/A,N/A,N/A,N/A,N/A,N/A,N/A,N/A
1307,메리츠 인버스 2X 은 선물 ETN(H),"17,300",0,0.00%,0,0,"17,300","17,300","17,300","17,470","17,480",0,0,100,"30,000","1,000",0.00,173,N/A,N/A,N/A,N/A,N/A,N/A,N/A,N/A,N/A,N/A,N/A,N/A,N/A,N/A
1308,QV 인버스 레버리지 은 선물 ETN(H),"17,290",0,0.00%,0,0,"17,290","17,290","17,290","17,435","17,465",0,0,100,"30,000","1,000",0.00,173,N/A,N/A,N/A,N/A,N/A,N/A,N/A,N/A,N/A,N/A,N/A,N/A,N/A,N/A
1309,KODEX 미국달러선물레버리지,"10,510",125,+1.20%,0,"90,001","10,440","10,525","10,440","10,505","10,515",944,"19,541","117,712","78,827","1,640",0.00,172,N/A,N/A,N/A,N/A,N/A,N/A,N/A,N/A,N/A,N/A,N/A,N/A,N/A,N/A
1310,삼성 인버스 2X HSCEI ETN(H),"17,115",755,+4.61%,0,"25,296","16,845","17,215","16,845","17,105","17,115",430,"16,580","1,343","30,001","1,000",0.00,171,N/A,N/A,N/A,N/A,N/A,N/A,N/A,N/A,N/A,N/A,N/A,N/A,N/A,N/A
1311,KODEX 200롱코스닥150숏선물,"10,675",50,-0.47%,0,200,"10,665","10,675","10,595","10,715","10,765",2,"20,880","29,996","30,007","1,600",0.00,171,N/A,N/A,N/A,N/A,N/A,N/A,N/A,N/A,N/A,N/A,N/A,N/A,N/A,N/A
1312,메리츠 인버스 2X 금 선물 ETN(H),"16,980",275,-1.59%,0,2,"16,980","16,980","16,980","17,020","17,030",0,0,109,"29,998","1,000",0.00,170,N/A,N/A,N/A,N/A,N/A,N/A,N/A,N/A,N/A,N/A,N/A,N/A,N/A,N/A
1313,KODEX 구리선물(H),"8,905",205,+2.36%,0,"108,406","8,795","8,930","8,730","8,895","8,900",959,"66,107","39,341","41,714","1,900",0.27,169,N/A,N/A,N/A,N/A,N/A,N/A,N/A,N/A,N/A,N/A,N/A,N/A,N/A,N/A
1314,KODEX 코스피100,"28,165",385,-1.35%,0,"6,681","28,440","28,440","28,035","28,120","28,140",54,6,"8,744","8,747",159,0.00,169,N/A,N/A,N/A,N/A,N/A,N/A,N/A,N/A,N/A,N/A,N/A,N/A,N/A,N/A
1315,ARIRANG 단기채권액티브,"106,265",5,0.00%,0,512,"106,265","106,270","106,265","106,265","106,270",187,"2,851","15,448","18,660",600,0.00,169,N/A,N/A,N/A,N/A,N/A,N/A,N/A,N/A,N/A,N/A,N/A,N/A,N/A,N/A
1316,KODEX 200가치저변동,"10,470",95,-0.90%,0,"1,291","10,490","10,490","10,425","10,450","10,470",13,"1,612","28,818","33,252","1,600",0.00,168,N/A,N/A,N/A,N/A,N/A,N/A,N/A,N/A,N/A,N/A,N/A,N/A,N/A,N/A
1317,QV 인버스 레버리지 금 선물 ETN(H),"16,680",185,-1.10%,0,16,"16,680","16,680","16,680","16,640","16,670",0,0,100,"30,000","1,000",0.00,167,N/A,N/A,N/A,N/A,N/A,N/A,N/A,N/A,N/A,N/A,N/A,N/A,N/A,N/A
1318,대신 알루미늄 선물 ETN(H),"16,630",645,+4.04%,0,"10,046","16,475","16,865","16,250","16,630","16,690",167,"8,347","18,822","140,029","1,000",0.00,166,N/A,N/A,N/A,N/A,N/A,N/A,N/A,N/A,N/A,N/A,N/A,N/A,N/A,N/A
1319,KODEX MSCI KOREA ESG유니버설,"10,965",195,-1.75%,0,125,"11,030","11,030","10,960","10,960","10,990",1,110,"20,031","33,680","1,500",0.00,164,N/A,N/A,N/A,N/A,N/A,N/A,N/A,N/A,N/A,N/A,N/A,N/A,N/A,N/A
1320,KB 천연가스 선물 ETN(H),"16,310",125,-0.76%,0,"7,847","16,190","16,690","16,115","16,235","16,275",127,"25,753","21,137","22,492","1,000",0.00,163,N/A,N/A,N/A,N/A,N/A,N/A,N/A,N/A,N/A,N/A,N/A,N/A,N/A,N/A
1321,대신 천연가스 선물 ETN(H),"16,145",260,-1.58%,0,"5,289","16,110","16,560","14,800","16,140","16,245",84,"12,278","28,037","70,825","1,000",0.00,161,N/A,N/A,N/A,N/A,N/A,N/A,N/A,N/A,N/A,N/A,N/A,N/A,N/A,N/A
1322,메리츠 인버스 2X 구리 선물 ETN(H),"16,115",0,0.00%,0,0,"16,115","16,115","16,115","15,395","15,440",0,0,100,"30,000","1,000",0.00,161,N/A,N/A,N/A,N/A,N/A,N/A,N/A,N/A,N/A,N/A,N/A,N/A,N/A,N/A
1323,QV 인버스 레버리지 구리 선물 ETN(H),"16,105",0,0.00%,0,0,"16,105","16,105","16,105","15,410","15,440",0,0,134,"30,000","1,000",0.00,161,N/A,N/A,N/A,N/A,N/A,N/A,N/A,N/A,N/A,N/A,N/A,N/A,N/A,N/A
1324,TRUE 인버스 2X 구리 선물 ETN,"16,000",515,-3.12%,0,"2,727","16,315","16,315","16,000","15,915","15,920",44,"8,096",215,"119,953","1,000",0.00,160,N/A,N/A,N/A,N/A,N/A,N/A,N/A,N/A,N/A,N/A,N/A,N/A,N/A,N/A
1325,KOSEF 코스닥150,"6,325",125,-1.94%,0,486,"6,415","6,415","6,290","6,290","6,315",3,378,"6,907","6,686","2,520",0.33,159,N/A,N/A,N/A,N/A,N/A,N/A,N/A,N/A,N/A,N/A,N/A,N/A,N/A,N/A
1326,KOSEF Fn중소형,"23,860",55,-0.23%,0,"2,459","23,690","23,890","23,690","23,825","23,850",58,"55,956","17,057","11,736",660,0.00,158,N/A,N/A,N/A,N/A,N/A,N/A,N/A,N/A,N/A,N/A,N/A,N/A,N/A,N/A
1327,KODEX 게임산업,"12,070",520,-4.13%,0,"52,746","12,525","12,525","12,045","12,045","12,065",640,"11,767","21,313","15,768","1,300",0.00,157,N/A,N/A,N/A,N/A,N/A,N/A,N/A,N/A,N/A,N/A,N/A,N/A,N/A,N/A
1328,HANARO 글로벌탄소배출권선물ICE(합성),"10,380",105,-1.00%,0,"16,140","10,210","10,395","10,210","10,380","10,395",166,"56,164","35,357","71,090","1,500",0.00,156,N/A,N/A,N/A,N/A,N/A,N/A,N/A,N/A,N/A,N/A,N/A,N/A,N/A,N/A
1329,KODEX KRX300레버리지,"15,565",530,-3.29%,0,"6,460","15,955","16,110","15,560","15,565","15,570",101,"10,867","1,545","2,482","1,000",0.00,156,N/A,N/A,N/A,N/A,N/A,N/A,N/A,N/A,N/A,N/A,N/A,N/A,N/A,N/A
1330,KODEX 보험,"6,765",70,-1.02%,0,"15,999","6,805","6,805","6,730","6,765","6,785",108,"46,351","30,680","14,770","2,300",0.01,156,N/A,N/A,N/A,N/A,N/A,N/A,N/A,N/A,N/A,N/A,N/A,N/A,N/A,N/A
1331,하나 인버스 2X 구리 선물 ETN(H),"15,420",840,-5.17%,0,6,"15,430","15,430","15,420","15,370","15,415",0,5,114,"40,000","1,000",0.00,154,N/A,N/A,N/A,N/A,N/A,N/A,N/A,N/A,N/A,N/A,N/A,N/A,N/A,N/A
1332,KINDEX KRX금현물,"10,910",160,+1.49%,0,"224,989","10,790","10,960","10,765","10,895","10,900","2,471","244,029","1,478","32,447","1,400",0.00,153,N/A,N/A,N/A,N/A,N/A,N/A,N/A,N/A,N/A,N/A,N/A,N/A,N/A,N/A
1333,KODEX S&P글로벌인프라(합성),"12,975",40,-0.31%,0,"1,932","13,045","13,130","12,835","12,900","13,010",25,"3,803","20,791","25,685","1,166",0.02,151,N/A,N/A,N/A,N/A,N/A,N/A,N/A,N/A,N/A,N/A,N/A,N/A,N/A,N/A
1334,HANARO KRX300,"16,715",270,-1.59%,0,"3,065","16,830","16,830","16,660","16,655","16,710",51,19,"18,986","14,968",900,0.34,150,N/A,N/A,N/A,N/A,N/A,N/A,N/A,N/A,N/A,N/A,N/A,N/A,N/A,N/A
1335,에셋플러스 코리아플랫폼액티브,"8,810",115,-1.29%,0,"12,726","8,930","8,930","8,800","8,810","8,835",112,"11,725","12,360","13,253","1,700",1.76,150,N/A,N/A,N/A,N/A,N/A,N/A,N/A,N/A,N/A,N/A,N/A,N/A,N/A,N/A
1336,TIGER 단기선진하이일드(합성 H),"12,305",75,-0.61%,0,"1,402","12,390","12,390","12,305","12,305","12,320",18,"1,566","15,224","10,253","1,200",0.00,148,N/A,N/A,N/A,N/A,N/A,N/A,N/A,N/A,N/A,N/A,N/A,N/A,N/A,N/A
1337,KBSTAR 글로벌메타버스Moorgate,"8,920",90,-1.00%,0,"1,497","9,010","9,010","8,910","8,910","8,920",13,"2,907","3,524","14,374","1,650",0.19,147,N/A,N/A,N/A,N/A,N/A,N/A,N/A,N/A,N/A,N/A,N/A,N/A,N/A,N/A
1338,TIMEFOLIO 탄소중립액티브,"8,625",130,-1.48%,0,424,"8,695","8,715","8,620","8,620","8,635",3,"2,435","11,069","20,873","1,700",0.00,147,N/A,N/A,N/A,N/A,N/A,N/A,N/A,N/A,N/A,N/A,N/A,N/A,N/A,N/A
1339,KBSTAR 채권혼합,"61,015",155,-0.25%,0,7,"61,015","61,015","61,015","60,855","60,985",0,245,"6,001","5,993",240,0.00,146,N/A,N/A,N/A,N/A,N/A,N/A,N/A,N/A,N/A,N/A,N/A,N/A,N/A,N/A
1340,ARIRANG 200선물인버스2X,"5,045",125,+2.54%,0,"143,810","4,955","5,085","4,955","5,060","5,070",726,"87,984","28,030","26,962","2,900",1.10,146,N/A,N/A,N/A,N/A,N/A,N/A,N/A,N/A,N/A,N/A,N/A,N/A,N/A,N/A
1341,태영건설우,"11,200",150,+1.36%,500,"3,062","11,000","11,400","11,000","11,150","11,200",34,"3,919","1,275","7,269","1,302",0.50,146,N/A,N/A,N/A,N/A,N/A,N/A,-61,N/A,N/A,-183.61,N/A,N/A,0.64,N/A
1342,FOCUS ESG리더스,"10,785",0,0.00%,0,0,"10,785","10,785","10,785","10,730","10,765",0,1,"15,109","10,555","1,350",0.00,146,N/A,N/A,N/A,N/A,N/A,N/A,N/A,N/A,N/A,N/A,N/A,N/A,N/A,N/A
1343,TRUE FTSE100 ETN,"14,525",0,0.00%,0,0,"14,525","14,525","14,525","13,930","13,935",0,25,"1,299","30,000","1,000",0.00,145,N/A,N/A,N/A,N/A,N/A,N/A,N/A,N/A,N/A,N/A,N/A,N/A,N/A,N/A
1344,KODEX 기계장비,"5,500",65,+1.20%,0,"48,826","5,455","5,500","5,425","5,465","5,475",266,"89,128","33,387","31,600","2,640",0.12,145,N/A,N/A,N/A,N/A,N/A,N/A,N/A,N/A,N/A,N/A,N/A,N/A,N/A,N/A
1345,TIGER 일본니케이225,"16,010",290,-1.78%,0,528,"16,250","16,250","15,955","16,010","16,020",8,579,"15,054","60,043",900,0.00,144,N/A,N/A,N/A,N/A,N/A,N/A,N/A,N/A,N/A,N/A,N/A,N/A,N/A,N/A
1346,KBSTAR V&S셀렉트밸류채권혼합,"11,925",75,-0.62%,0,"2,164","11,945","11,945","11,915","11,920","11,925",25,"1,489","12,006","10,825","1,200",0.00,143,N/A,N/A,N/A,N/A,N/A,N/A,N/A,N/A,N/A,N/A,N/A,N/A,N/A,N/A
1347,TIGER LG그룹+펀더멘털,"9,775",90,-0.91%,0,"4,654","9,840","9,840","9,725","9,750","9,770",45,"43,084","24,057","34,187","1,460",0.07,143,N/A,N/A,N/A,N/A,N/A,N/A,N/A,N/A,N/A,N/A,N/A,N/A,N/A,N/A
1348,KODEX 미국채10년선물,"11,875",135,+1.15%,0,"4,741","11,725","11,920","11,725","11,860","11,880",56,"8,010","19,170","19,176","1,200",0.00,142,N/A,N/A,N/A,N/A,N/A,N/A,N/A,N/A,N/A,N/A,N/A,N/A,N/A,N/A
1349,SK증권우,"3,610",15,+0.42%,500,"1,497","3,620","3,620","3,610","3,605","3,610",5,"1,488",466,848,"3,913",1.22,141,N/A,N/A,N/A,N/A,N/A,N/A,103,N/A,N/A,35.05,N/A,N/A,2.52,N/A
1350,KB 인버스 천연가스 선물 ETN,"9,330",135,+1.47%,0,"6,299","9,325","9,390","9,095","9,305","9,340",58,"7,529","25,318","23,313","1,500",0.00,140,N/A,N/A,N/A,N/A,N/A,N/A,N/A,N/A,N/A,N/A,N/A,N/A,N/A,N/A
N,종목명,현재가,전일비,등락률,액면가,거래량,시가,고가,저가,매수호가,매도호가,거래대금,전일거래량,매수총잔량,매도총잔량,상장주식수,외국인비율,시가총액,매출액,자산총계,부채총계,영업이익,매출액증가율,당기순이익,주당순이익,보통주배당금,영업이익증가율,PER,ROE,ROA,PBR,유보율
1351,KB 인버스 천연가스 선물 ETN,"9,300",105,+1.14%,0,"6,309","9,325","9,390","9,095","9,305","9,340",58,"7,529","25,318","23,313","1,500",0.00,140,N/A,N/A,N/A,N/A,N/A,N/A,N/A,N/A,N/A,N/A,N/A,N/A,N/A,N/A
1352,TIGER 글로벌자원생산기업(합성 H),"16,390",60,+0.37%,0,"14,502","16,330","16,390","16,330","16,335","16,390",237,"7,525","28,794","17,949",850,0.00,139,N/A,N/A,N/A,N/A,N/A,N/A,N/A,N/A,N/A,N/A,N/A,N/A,N/A,N/A
1353,삼성 인버스 항셍테크 ETN(H),"13,930",500,+3.72%,0,2,"13,940","13,940","13,930","13,940","13,960",0,"6,001",100,"30,001","1,000",0.00,139,N/A,N/A,N/A,N/A,N/A,N/A,N/A,N/A,N/A,N/A,N/A,N/A,N/A,N/A
1354,신한 인버스 2X 미국달러 선물 ETN,"6,960",70,-1.00%,0,8,"7,005","7,005","6,960","6,955","6,965",0,2,"3,084","19,994","2,000",0.00,139,N/A,N/A,N/A,N/A,N/A,N/A,N/A,N/A,N/A,N/A,N/A,N/A,N/A,N/A
1355,KBSTAR 5대그룹주,"6,910",150,-2.12%,0,"4,767","7,015","7,015","6,910","6,905","6,920",33,715,"10,460","27,508","2,000",0.00,138,N/A,N/A,N/A,N/A,N/A,N/A,N/A,N/A,N/A,N/A,N/A,N/A,N/A,N/A
1356,삼양사우,"37,250",550,-1.46%,"5,000",32,"37,800","37,800","37,250","37,200","37,400",1,543,158,497,370,6.36,138,N/A,N/A,N/A,N/A,N/A,N/A,"4,621",N/A,N/A,8.06,N/A,N/A,0.29,N/A
1357,TIGER 유로스탁스배당30,"11,465",325,-2.76%,0,"15,082","11,460","11,520","11,145","11,505","11,510",170,"9,373",706,316,"1,200",0.00,138,N/A,N/A,N/A,N/A,N/A,N/A,N/A,N/A,N/A,N/A,N/A,N/A,N/A,N/A
1358,KINDEX 일본Nikkei225(H),"17,100",400,-2.29%,0,38,"17,295","17,295","17,000","17,010","17,085",0,199,"17,457","24,997",800,0.00,137,N/A,N/A,N/A,N/A,N/A,N/A,N/A,N/A,N/A,N/A,N/A,N/A,N/A,N/A
1359,KODEX 200exTOP,"12,410",155,-1.23%,0,5,"12,410","12,410","12,410","12,400","12,435",0,0,"15,000","14,995","1,100",0.00,137,N/A,N/A,N/A,N/A,N/A,N/A,N/A,N/A,N/A,N/A,N/A,N/A,N/A,N/A
1360,메리츠 대표 농산물 선물 ETN(H),"13,645",360,+2.71%,0,"3,730","13,310","13,715","13,310","13,640","13,650",50,853,"6,903","50,000","1,000",0.00,136,N/A,N/A,N/A,N/A,N/A,N/A,N/A,N/A,N/A,N/A,N/A,N/A,N/A,N/A
1361,삼성 인버스 2X 은 선물 ETN(H),"1,340",5,+0.37%,0,"5,047","1,350","1,350","1,325","1,340","1,345",6,"43,333","88,329","86,321","10,000",0.00,134,N/A,N/A,N/A,N/A,N/A,N/A,N/A,N/A,N/A,N/A,N/A,N/A,N/A,N/A
1362,KODEX 3대농산물선물(H),"15,370",655,+4.45%,0,"93,817","15,195","15,695","15,020","15,370","15,380","1,443","58,852","2,658","21,491",870,0.00,134,N/A,N/A,N/A,N/A,N/A,N/A,N/A,N/A,N/A,N/A,N/A,N/A,N/A,N/A
1363,메리츠 인버스 2X KRX300 선물 ETN,"13,150",305,+2.37%,0,113,"13,030","13,215","13,010","13,180","13,215",1,"8,017",100,"250,000","1,000",0.00,132,N/A,N/A,N/A,N/A,N/A,N/A,N/A,N/A,N/A,N/A,N/A,N/A,N/A,N/A
1364,TIGER MSCI KOREA ESG유니버설,"10,950",220,-1.97%,0,40,"10,950","10,950","10,950","10,975","11,005",0,44,"14,961","12,000","1,200",0.00,131,N/A,N/A,N/A,N/A,N/A,N/A,N/A,N/A,N/A,N/A,N/A,N/A,N/A,N/A
1365,KINDEX 밸류대형,"9,345",105,-1.11%,0,22,"9,390","9,390","9,310","9,325","9,350",0,66,"20,009","19,979","1,400",0.00,131,N/A,N/A,N/A,N/A,N/A,N/A,N/A,N/A,N/A,N/A,N/A,N/A,N/A,N/A
1366,삼성 인버스 HSCEI ETN(H),"13,060",0,0.00%,0,0,"13,060","13,060","13,060","13,385","13,395",0,101,100,"30,000","1,000",0.00,131,N/A,N/A,N/A,N/A,N/A,N/A,N/A,N/A,N/A,N/A,N/A,N/A,N/A,N/A
1367,SOL 유럽탄소배출권선물S&P(H),"10,755",205,-1.87%,0,"25,982","10,845","10,845","10,300","10,745","10,750",280,"78,490","4,838","14,363","1,200",0.11,129,N/A,N/A,N/A,N/A,N/A,N/A,N/A,N/A,N/A,N/A,N/A,N/A,N/A,N/A
1368,KB 레버리지 나스닥 100 ETN,"12,905",555,-4.12%,0,"17,092","13,160","13,220","12,620","12,880","12,905",218,"6,285","50,066","50,466","1,000",0.00,129,N/A,N/A,N/A,N/A,N/A,N/A,N/A,N/A,N/A,N/A,N/A,N/A,N/A,N/A
1369,ARIRANG 코스피50,"25,300",480,-1.86%,0,"3,581","25,745","25,745","25,235","25,235","25,290",92,"1,568","10,989","7,975",510,1.01,129,N/A,N/A,N/A,N/A,N/A,N/A,N/A,N/A,N/A,N/A,N/A,N/A,N/A,N/A
1370,대덕1우,"10,600",400,-3.64%,500,"5,552","11,000","11,000","10,600","10,700","10,800",59,"31,733","12,089","6,033","1,212",0.04,128,N/A,N/A,N/A,N/A,N/A,N/A,N/A,N/A,N/A,N/A,N/A,N/A,N/A,N/A
1371,KODEX 코스닥150롱코스피200숏선물,"8,565",5,-0.06%,0,23,"8,620","8,620","8,565","8,550","8,590",0,42,"30,201","30,179","1,500",0.00,128,N/A,N/A,N/A,N/A,N/A,N/A,739,N/A,N/A,14.34,N/A,N/A,0.61,N/A
1372,메리츠 인버스 2X 국채30년 ETN,"12,715",5,+0.04%,0,2,"12,715","12,715","12,715","12,730","12,740",0,650,"2,414","80,000","1,000",0.00,127,N/A,N/A,N/A,N/A,N/A,N/A,N/A,N/A,N/A,N/A,N/A,N/A,N/A,N/A
1373,KODEX 미국달러선물인버스2X,"8,455",95,-1.11%,0,"149,482","8,495","8,500","8,435","8,445","8,450","1,264","52,269","116,213","79,490","1,500",0.00,127,N/A,N/A,N/A,N/A,N/A,N/A,N/A,N/A,N/A,N/A,N/A,N/A,N/A,N/A
1374,ARIRANG 200선물레버리지,"36,120","1,180",-3.16%,0,"12,235","36,850","36,850","35,845","35,970","36,010",440,"4,217","10,962","14,987",350,0.79,126,N/A,N/A,N/A,N/A,N/A,N/A,652,N/A,N/A,5.39,N/A,N/A,0.18,N/A
1375,넥센우,"3,510",50,-1.40%,500,"5,585","3,530","3,560","3,460","3,475","3,505",19,"6,302","3,907",521,"3,601",17.53,126,N/A,N/A,N/A,N/A,N/A,N/A,N/A,N/A,N/A,N/A,N/A,N/A,N/A,N/A
1376,KINDEX 국고채10년,"92,540",160,+0.17%,0,"5,217","92,540","92,540","92,365","92,525","92,540",482,78,"11,732","13,920",135,0.00,125,N/A,N/A,N/A,N/A,N/A,N/A,N/A,N/A,N/A,N/A,N/A,N/A,N/A,N/A
1377,신한 인버스 콩 선물 ETN(H),"6,225",95,+1.55%,0,"2,259","6,245","6,245","6,165","6,195","6,225",14,"5,108","58,912","64,766","2,000",0.00,124,N/A,N/A,N/A,N/A,N/A,N/A,N/A,N/A,N/A,N/A,N/A,N/A,N/A,N/A
1378,KINDEX 미국IT인터넷S&P(합성 H),"15,540",660,-4.07%,0,"1,897","15,645","15,695","15,295","15,535","15,540",29,648,311,"8,871",800,0.00,124,N/A,N/A,N/A,N/A,N/A,N/A,N/A,N/A,N/A,N/A,N/A,N/A,N/A,N/A
1379,KODEX 미국스마트모빌리티S&P,"7,755",290,-3.60%,0,"6,812","7,875","7,875","7,640","7,735","7,745",52,"3,816",873,"66,495","1,600",0.03,124,N/A,N/A,N/A,N/A,N/A,N/A,N/A,N/A,N/A,N/A,N/A,N/A,N/A,N/A
1380,파워 코스피100,"28,190",325,-1.14%,0,37,"28,455","28,455","28,100","28,180","28,190",1,158,"4,025","4,103",440,0.00,124,N/A,N/A,N/A,N/A,N/A,N/A,N/A,N/A,N/A,N/A,N/A,N/A,N/A,N/A
1381,KB FnGuide 언택트 ETN,"12,340",295,-2.33%,0,7,"12,585","12,585","12,340","12,290","12,355",0,3,"2,033","49,994","1,000",0.00,123,N/A,N/A,N/A,N/A,N/A,N/A,N/A,N/A,N/A,N/A,N/A,N/A,N/A,N/A
1382,ARIRANG 고배당주채권혼합,"11,185",5,-0.04%,0,"1,341","11,490","11,490","11,135","11,170","11,180",14,"8,895","10,956","20,826","1,100",0.00,123,N/A,N/A,N/A,N/A,N/A,N/A,N/A,N/A,N/A,N/A,N/A,N/A,N/A,N/A
1383,HANARO Fn5G산업,"12,910",110,-0.84%,0,158,"12,855","12,910","12,790","12,870","12,900",2,528,"19,150","25,868",950,0.00,123,N/A,N/A,N/A,N/A,N/A,N/A,N/A,N/A,N/A,N/A,N/A,N/A,N/A,N/A
1384,KODEX 미국S&P산업재(합성),"21,020",125,-0.59%,0,"6,163","21,260","21,260","20,850","21,010","21,105",129,"1,036","6,134","6,066",574,0.00,121,N/A,N/A,N/A,N/A,N/A,N/A,N/A,N/A,N/A,N/A,N/A,N/A,N/A,N/A
1385,신한 인버스 금 선물 ETN(H),"6,030",70,-1.15%,0,561,"6,055","6,055","6,030","6,055","6,060",3,"2,203","10,584","59,939","2,000",0.00,121,N/A,N/A,N/A,N/A,N/A,N/A,N/A,N/A,N/A,N/A,N/A,N/A,N/A,N/A
1386,신한 레버리지 Russell 2000 ETN,"12,055",545,-4.33%,0,"1,951","12,335","12,335","11,890","12,005","12,030",23,979,"9,360","8,820","1,000",0.00,121,N/A,N/A,N/A,N/A,N/A,N/A,N/A,N/A,N/A,N/A,N/A,N/A,N/A,N/A
1387,TIGER 배당성장,"18,255",80,-0.44%,0,"16,409","18,340","18,340","18,130","18,190","18,240",299,497,"19,589","13,069",660,0.04,120,N/A,N/A,N/A,N/A,N/A,N/A,N/A,N/A,N/A,N/A,N/A,N/A,N/A,N/A
1388,KB 레버리지 구리 선물 ETN(H),"24,015","1,160",+5.08%,0,67,"23,340","24,015","23,120","23,930","23,965",1,5,727,"49,947",500,0.00,120,N/A,N/A,N/A,N/A,N/A,N/A,N/A,N/A,N/A,N/A,N/A,N/A,N/A,N/A
1389,TIGER 우량가치,"11,700",45,+0.39%,0,"1,456","11,650","11,700","11,600","11,655","11,685",17,"3,538","23,805","19,279","1,020",0.00,119,N/A,N/A,N/A,N/A,N/A,N/A,N/A,N/A,N/A,N/A,N/A,N/A,N/A,N/A
1390,신한 인버스 옥수수 선물 ETN(H),"5,945",180,-2.94%,0,"17,262","6,110","6,110","5,895","5,920","5,955",102,"21,169","62,128","55,820","2,000",0.00,119,N/A,N/A,N/A,N/A,N/A,N/A,N/A,N/A,N/A,N/A,N/A,N/A,N/A,N/A
1391,SOL KRX300,"16,985",160,-0.93%,0,382,"17,155","17,155","16,960","16,955","16,975",6,2,"29,960","30,018",700,0.00,119,N/A,N/A,N/A,N/A,N/A,N/A,N/A,N/A,N/A,N/A,N/A,N/A,N/A,N/A
1392,KODEX Fn웹툰&드라마,"8,445",15,-0.18%,0,"16,983","8,460","8,460","8,370","8,415","8,420",143,"78,104","5,293","14,174","1,400",0.00,118,N/A,N/A,N/A,N/A,N/A,N/A,N/A,N/A,N/A,N/A,N/A,N/A,N/A,N/A
1393,KB KRX ESG Eco ETN,"11,625",50,+0.43%,0,2,"11,690","11,690","11,625","11,605","11,670",0,2,"5,133","49,999","1,000",0.00,116,N/A,N/A,N/A,N/A,N/A,N/A,N/A,N/A,N/A,N/A,N/A,N/A,N/A,N/A
1394,TRUE 인버스 플래티넘 선물 ETN,"11,600",75,-0.64%,0,5,"11,605","11,605","11,600","11,595","11,600",0,2,157,"75,005","1,000",0.00,116,N/A,N/A,N/A,N/A,N/A,N/A,N/A,N/A,N/A,N/A,N/A,N/A,N/A,N/A
1395,일양약품우,"26,050",0,0.00%,"2,500",448,"26,600","26,600","26,050","25,950","26,050",11,296,14,395,445,0.26,116,N/A,N/A,N/A,N/A,N/A,N/A,592,N/A,N/A,44.00,N/A,N/A,2.21,N/A
1396,TRUE S&P500 양매도 4% OTM ETN(H),"11,545",0,0.00%,0,0,"11,545","11,545","11,545","11,585","11,595",0,0,401,"15,000","1,000",0.00,115,N/A,N/A,N/A,N/A,N/A,N/A,N/A,N/A,N/A,N/A,N/A,N/A,N/A,N/A
1397,KODEX 필수소비재,"8,210",90,-1.08%,0,"32,934","8,305","8,305","8,185","8,205","8,220",270,"43,096","24,947","19,932","1,400",0.00,115,N/A,N/A,N/A,N/A,N/A,N/A,N/A,N/A,N/A,N/A,N/A,N/A,N/A,N/A
1398,미래에셋 인버스 2X 옥수수 선물 ETN,"11,485",645,-5.32%,0,"15,562","12,050","12,050","11,280","11,495","11,520",177,"2,955","20,030","59,761","1,000",0.00,115,N/A,N/A,N/A,N/A,N/A,N/A,N/A,N/A,N/A,N/A,N/A,N/A,N/A,N/A
1399,TRUE 인버스 HSCEI ETN(H) B,"11,460",0,0.00%,0,0,"11,460","11,460","11,460","11,750","11,760",0,1,"1,494","60,000","1,000",0.00,115,N/A,N/A,N/A,N/A,N/A,N/A,N/A,N/A,N/A,N/A,N/A,N/A,N/A,N/A
1400,KODEX 최소변동성,"11,455",90,-0.78%,0,"1,630","11,550","11,550","11,435","11,440","11,470",18,"1,967","10,426","17,108","1,000",0.00,115,N/A,N/A,N/A,N/A,N/A,N/A,N/A,N/A,N/A,N/A,N/A,N/A,N/A,N/A
N,종목명,현재가,전일비,등락률,액면가,거래량,시가,고가,저가,매수호가,매도호가,거래대금,전일거래량,매수총잔량,매도총잔량,상장주식수,외국인비율,시가총액,매출액,자산총계,부채총계,영업이익,매출액증가율,당기순이익,주당순이익,보통주배당금,영업이익증가율,PER,ROE,ROA,PBR,유보율
1401,KODEX KTOP30,"19,080",335,-1.73%,0,"1,119","19,385","19,385","19,070","19,070","19,100",21,194,"15,117","14,171",600,0.00,114,N/A,N/A,N/A,N/A,N/A,N/A,N/A,N/A,N/A,N/A,N/A,N/A,N/A,N/A
1402,메리츠 인버스 국채30년 ETN,"11,435",90,+0.79%,0,5,"11,435","11,435","11,435","11,340","11,350",0,5,"2,613","80,000","1,000",0.00,114,N/A,N/A,N/A,N/A,N/A,N/A,N/A,N/A,N/A,N/A,N/A,N/A,N/A,N/A
1403,TRUE 구리 선물 ETN,"11,410",360,+3.26%,0,73,"11,200","11,410","11,180","11,380","11,385",0,180,101,"115,000","1,000",0.00,114,N/A,N/A,N/A,N/A,N/A,N/A,N/A,N/A,N/A,N/A,N/A,N/A,N/A,N/A
1404,메리츠 S&P 유럽탄소배출권 선물 ETN(H),"11,400",225,-1.94%,0,"3,722","11,625","11,625","10,465","11,400","11,410",41,"5,613","5,571","10,251","1,000",0.00,114,N/A,N/A,N/A,N/A,N/A,N/A,N/A,N/A,N/A,N/A,N/A,N/A,N/A,N/A
1405,SOL 차이나태양광CSI(합성),"9,480",45,-0.47%,0,"1,476","9,095","9,580","9,095","9,460","9,485",14,"2,918","7,685","27,889","1,200",0.00,114,N/A,N/A,N/A,N/A,N/A,N/A,N/A,N/A,N/A,N/A,N/A,N/A,N/A,N/A
1406,KBSTAR 헬스케어채권혼합,"11,375",55,-0.48%,0,"5,127","11,425","11,425","11,375","11,375","11,380",58,"3,475","6,192","22,497","1,000",0.00,114,N/A,N/A,N/A,N/A,N/A,N/A,N/A,N/A,N/A,N/A,N/A,N/A,N/A,N/A
1407,SOL 차이나육성산업액티브(합성),"9,465",35,+0.37%,0,"3,155","9,430","9,555","9,380","9,465","9,485",29,"15,901",864,"33,833","1,200",0.00,114,N/A,N/A,N/A,N/A,N/A,N/A,N/A,N/A,N/A,N/A,N/A,N/A,N/A,N/A
1408,KB 레버리지 금 선물 ETN(H),"22,705",295,+1.32%,0,101,"22,920","22,920","22,705","22,660","22,695",2,2,670,"49,902",500,0.00,114,N/A,N/A,N/A,N/A,N/A,N/A,N/A,N/A,N/A,N/A,N/A,N/A,N/A,N/A
1409,TRUE S&P 유럽탄소배출권 선물 ETN(H),"11,335",390,-3.33%,0,"5,164","11,450","11,450","11,335","11,305","11,335",58,"10,272",36,"14,988","1,000",0.00,113,N/A,N/A,N/A,N/A,N/A,N/A,N/A,N/A,N/A,N/A,N/A,N/A,N/A,N/A
1410,TRUE 금 선물 ETN,"11,310",145,+1.30%,0,574,"11,265","11,370","11,265","11,305","11,310",6,345,"2,993","149,438","1,000",0.00,113,N/A,N/A,N/A,N/A,N/A,N/A,N/A,N/A,N/A,N/A,N/A,N/A,N/A,N/A
1411,ARIRANG 고배당저변동50,"11,885",40,-0.34%,0,"1,482","11,995","11,995","11,820","11,835","11,875",17,"5,067","13,066","14,370",950,0.00,113,N/A,N/A,N/A,N/A,N/A,N/A,N/A,N/A,N/A,N/A,N/A,N/A,N/A,N/A
1412,미래에셋 인버스 미디어엔터 Core5 ETN,"11,250",35,+0.31%,0,44,"11,250","11,340","11,250","11,445","11,500",0,76,145,"40,003","1,000",0.00,112,N/A,N/A,N/A,N/A,N/A,N/A,N/A,N/A,N/A,N/A,N/A,N/A,N/A,N/A
1413,KODEX Fn K-뉴딜디지털플러스,"9,350",240,-2.50%,0,783,"9,565","9,565","9,350","9,345","9,360",7,"2,824","20,091","19,348","1,200",0.00,112,N/A,N/A,N/A,N/A,N/A,N/A,N/A,N/A,N/A,N/A,N/A,N/A,N/A,N/A
1414,KOSEF 블루칩,"9,320",55,-0.59%,0,49,"9,345","9,345","9,260","9,305","9,320",0,245,"10,351","10,314","1,200",0.00,112,N/A,N/A,N/A,N/A,N/A,N/A,N/A,N/A,N/A,N/A,N/A,N/A,N/A,N/A
1415,미래에셋 S&P 유럽탄소배출권 선물 ETN,"11,175",270,-2.36%,0,"24,102","11,300","11,300","11,110","11,190","11,195",269,"11,759","30,142","49,991","1,000",0.00,112,N/A,N/A,N/A,N/A,N/A,N/A,N/A,N/A,N/A,N/A,N/A,N/A,N/A,N/A
1416,KBSTAR KRX300,"17,190",275,-1.57%,0,"8,454","17,290","17,295","17,170","17,170","17,190",145,202,"31,905","31,388",650,1.25,112,N/A,N/A,N/A,N/A,N/A,N/A,N/A,N/A,N/A,N/A,N/A,N/A,N/A,N/A
1417,KINDEX 중장기국공채액티브,"98,785",170,-0.17%,0,1,"98,785","98,785","98,785","98,960","99,020",0,2,"6,000","5,999",113,0.00,112,N/A,N/A,N/A,N/A,N/A,N/A,N/A,N/A,N/A,N/A,N/A,N/A,N/A,N/A
1418,하나 인버스 2X 콩 선물 ETN(H),"11,155",345,+3.19%,0,"2,514","11,060","11,200","10,890","11,000","11,140",27,"5,909","14,965","10,021","1,000",0.00,112,N/A,N/A,N/A,N/A,N/A,N/A,N/A,N/A,N/A,N/A,N/A,N/A,N/A,N/A
1419,KINDEX 중국본토CSI300레버리지(합성),"5,070",55,-1.07%,0,"4,375","5,125","5,220","5,040","5,060","5,070",22,"5,814","1,821","5,285","2,200",0.69,112,N/A,N/A,N/A,N/A,N/A,N/A,N/A,N/A,N/A,N/A,N/A,N/A,N/A,N/A
1420,메리츠 S&P 유럽탄소배출권 선물 ETN,"11,145",280,-2.45%,0,"20,039","12,900","12,900","11,100","11,140","11,205",223,"1,278","5,070","10,900","1,000",0.00,111,N/A,N/A,N/A,N/A,N/A,N/A,N/A,N/A,N/A,N/A,N/A,N/A,N/A,N/A
1421,신한 USD K200 선물 바이셀 ETN,"5,555",110,+2.02%,0,7,"5,475","5,555","5,475","5,555","5,565",0,0,"2,851","10,051","2,000",0.00,111,N/A,N/A,N/A,N/A,N/A,N/A,N/A,N/A,N/A,N/A,N/A,N/A,N/A,N/A
1422,하나 인버스 2X 옥수수 선물 ETN(H),"11,100",780,-6.57%,0,"3,460","11,600","11,620","10,965","11,080","11,180",39,"2,930","5,161","10,056","1,000",0.00,111,N/A,N/A,N/A,N/A,N/A,N/A,N/A,N/A,N/A,N/A,N/A,N/A,N/A,N/A
1423,KODEX 미국달러선물인버스,"9,470",55,-0.58%,0,"31,652","9,495","9,495","9,460","9,460","9,470",299,"12,625","51,421","41,561","1,170",0.00,111,N/A,N/A,N/A,N/A,N/A,N/A,N/A,N/A,N/A,N/A,N/A,N/A,N/A,N/A
1424,ARIRANG 국채선물10년,"54,205",50,+0.09%,0,11,"54,155","54,205","54,155","54,220","54,255",0,699,"3,989","4,000",204,0.00,111,N/A,N/A,N/A,N/A,N/A,N/A,N/A,N/A,N/A,N/A,N/A,N/A,N/A,N/A
1425,메리츠 구리 선물 ETN(H),"11,050",270,+2.50%,0,12,"11,020","11,050","11,020","11,040","11,045",695,"42,113","15,730","8,839",740,0.00,111,N/A,N/A,N/A,N/A,N/A,N/A,N/A,N/A,N/A,N/A,N/A,N/A,N/A,N/A
1426,KBSTAR 200IT,"14,930",420,-2.74%,0,"46,269","15,225","15,225","14,920","14,895","14,925",0,11,157,"49,999","1,000",0.00,110,N/A,N/A,N/A,N/A,N/A,N/A,N/A,N/A,N/A,N/A,N/A,N/A,N/A,N/A
1427,삼성 구리 선물 ETN(H),"11,035",260,+2.41%,0,140,"10,905","11,055","10,905","11,025","11,035",1,3,"1,556","60,000","1,000",0.00,110,N/A,N/A,N/A,N/A,N/A,N/A,N/A,N/A,N/A,N/A,N/A,N/A,N/A,N/A
1428,성신양회우,"14,900",150,-1.00%,"5,000","11,033","15,050","15,150","14,800","14,850","14,900",164,"44,500","4,748","2,817",736,2.45,110,N/A,N/A,N/A,N/A,N/A,N/A,255,N/A,N/A,58.43,N/A,N/A,0.94,N/A
1429,KINDEX 싱가포르리츠,"12,160",60,+0.50%,0,995,"12,150","12,160","12,150","12,155","12,160",12,"1,451","8,014","1,700",900,0.00,109,N/A,N/A,N/A,N/A,N/A,N/A,N/A,N/A,N/A,N/A,N/A,N/A,N/A,N/A
1430,미래에셋 코스닥150 Auto-KO-C 2303-01 ETN,"10,940",0,0.00%,0,0,"10,940","10,940","10,940","10,720","10,740",0,"1,192",100,"30,000","1,000",0.00,109,N/A,N/A,N/A,N/A,N/A,N/A,N/A,N/A,N/A,N/A,N/A,N/A,N/A,N/A
1431,TIMEFOLIO K컬처액티브,"8,360",10,-0.12%,0,341,"8,400","8,400","8,295","8,295","8,355",2,787,"10,976","17,153","1,300",0.00,109,N/A,N/A,N/A,N/A,N/A,N/A,N/A,N/A,N/A,N/A,N/A,N/A,N/A,N/A
1432,신한 달러인덱스 선물 ETN(H),"10,845",45,+0.42%,0,1,"10,845","10,845","10,845","10,845","10,855",0,202,933,"10,000","1,000",0.00,108,N/A,N/A,N/A,N/A,N/A,N/A,N/A,N/A,N/A,N/A,N/A,N/A,N/A,N/A
1433,KOSEF 200선물인버스2X,"2,495",70,+2.89%,0,"52,208","2,445","2,515","2,445","2,500","2,505",130,"59,698","71,266","95,783","4,340",0.46,108,N/A,N/A,N/A,N/A,N/A,N/A,N/A,N/A,N/A,N/A,N/A,N/A,N/A,N/A
1434,TRUE 인버스 은 선물 ETN,"10,815",0,0.00%,0,0,"10,815","10,815","10,815","10,910","10,915",0,1,100,"80,000","1,000",0.00,108,N/A,N/A,N/A,N/A,N/A,N/A,N/A,N/A,N/A,N/A,N/A,N/A,N/A,N/A
1435,TIGER 일본TOPIX헬스케어(합성),"10,800",90,-0.83%,0,12,"10,950","10,950","10,800","10,805","10,820",0,"3,100","6,031","9,037","1,000",0.00,108,N/A,N/A,N/A,N/A,N/A,N/A,N/A,N/A,N/A,N/A,N/A,N/A,N/A,N/A
1436,삼성 인버스 2X 구리 선물 ETN(H),"2,155",115,-5.07%,0,"97,299","2,225","2,255","2,155","2,165","2,180",213,"120,378","81,477","65,486","5,000",0.00,108,N/A,N/A,N/A,N/A,N/A,N/A,N/A,N/A,N/A,N/A,N/A,N/A,N/A,N/A
1437,신한 인버스 2X 구리 선물 ETN,"2,150",95,-4.23%,0,"140,771","2,215","2,250","2,145","2,160","2,170",308,"167,627","159,576","167,101","5,000",0.00,108,N/A,N/A,N/A,N/A,N/A,N/A,N/A,N/A,N/A,N/A,N/A,N/A,N/A,N/A
1438,KBSTAR KRX300레버리지,"15,300",775,-4.82%,0,"3,586","15,560","15,560","15,240","15,270","15,305",54,123,"5,232","9,634",700,0.21,107,N/A,N/A,N/A,N/A,N/A,N/A,N/A,N/A,N/A,N/A,N/A,N/A,N/A,N/A
1439,삼성 금 선물 ETN(H),"10,695",70,+0.66%,0,19,"10,695","10,695","10,695","10,695","10,705",0,23,"2,113","60,000","1,000",0.00,107,N/A,N/A,N/A,N/A,N/A,N/A,N/A,N/A,N/A,N/A,N/A,N/A,N/A,N/A
1440,HANARO 탄소효율그린뉴딜,"8,910",150,-1.66%,0,329,"9,015","9,015","8,885","8,890","8,915",2,133,"40,978","39,907","1,200",0.00,107,N/A,N/A,N/A,N/A,N/A,N/A,N/A,N/A,N/A,N/A,N/A,N/A,N/A,N/A
1441,대신 아연선물 ETN(H),"15,235",5,+0.03%,0,592,"15,230","15,240","15,140","15,220","15,230",9,"1,046","2,391","140,003",700,0.00,107,N/A,N/A,N/A,N/A,N/A,N/A,N/A,N/A,N/A,N/A,N/A,N/A,N/A,N/A
1442,메리츠 금 선물 ETN(H),"10,655",90,+0.85%,0,3,"10,650","10,655","10,650","10,645","10,655",0,3,831,"50,000","1,000",0.00,107,N/A,N/A,N/A,N/A,N/A,N/A,N/A,N/A,N/A,N/A,N/A,N/A,N/A,N/A
1443,KINDEX 베트남VN30선물블룸버그레버리지(H),"21,290",240,+1.14%,0,"3,277","21,285","21,290","21,210","21,240","21,290",69,"2,315","24,905","25,611",500,0.00,106,N/A,N/A,N/A,N/A,N/A,N/A,N/A,N/A,N/A,N/A,N/A,N/A,N/A,N/A
1444,HANARO Fn K-반도체,"9,675",260,-2.62%,0,"47,334","9,865","9,865","9,675","9,670","9,685",459,"5,990","27,045","32,857","1,100",0.00,106,N/A,N/A,N/A,N/A,N/A,N/A,N/A,N/A,N/A,N/A,N/A,N/A,N/A,N/A
1445,삼성 인버스 코스닥 150 선물 ETN,"10,640",190,+1.82%,0,"26,064","10,450","10,640","10,440","10,690","10,700",276,"9,358","4,589","40,012","1,000",0.00,106,N/A,N/A,N/A,N/A,N/A,N/A,N/A,N/A,N/A,N/A,N/A,N/A,N/A,N/A
1446,DB하이텍1우,"94,700",400,-0.42%,"5,000",41,"95,100","95,500","94,700","94,700","95,300",3,400,27,126,112,1.07,106,N/A,N/A,N/A,N/A,N/A,N/A,"4,787",N/A,N/A,19.78,N/A,N/A,4.20,N/A
1447,하나 인버스 코스닥150 선물 ETN,"10,605",135,+1.29%,0,132,"10,560","10,635","10,520","10,670","10,695",1,122,400,"40,000","1,000",0.00,106,N/A,N/A,N/A,N/A,N/A,N/A,N/A,N/A,N/A,N/A,N/A,N/A,N/A,N/A
1448,삼성 인버스 코스피 200 선물 ETN,"10,570",175,+1.68%,0,34,"10,420","10,575","10,410","10,580","10,590",0,99,"10,111","80,000","1,000",0.00,106,N/A,N/A,N/A,N/A,N/A,N/A,N/A,N/A,N/A,N/A,N/A,N/A,N/A,N/A
1449,TRUE 유로스탁스50 양매도 5% OTM ETN(H),"10,530",0,0.00%,0,0,"10,530","10,530","10,530","10,220","10,225",0,0,309,"15,000","1,000",0.00,105,N/A,N/A,N/A,N/A,N/A,N/A,N/A,N/A,N/A,N/A,N/A,N/A,N/A,N/A
1450,대신 인버스 철광석 선물 ETN(H),955,15,+1.60%,0,"173,526",940,960,930,955,960,163,"773,379","107,455","102,135","11,000",0.00,105,N/A,N/A,N/A,N/A,N/A,N/A,N/A,N/A,N/A,N/A,N/A,N/A,N/A,N/A
N,종목명,현재가,전일비,등락률,액면가,거래량,시가,고가,저가,매수호가,매도호가,거래대금,전일거래량,매수총잔량,매도총잔량,상장주식수,외국인비율,시가총액,매출액,자산총계,부채총계,영업이익,매출액증가율,당기순이익,주당순이익,보통주배당금,영업이익증가율,PER,ROE,ROA,PBR,유보율
1451,TRUE 베트남 VN30 선물 ETN(H),"10,425",0,0.00%,0,0,"10,425","10,425","10,425","10,475","10,480",0,51,104,"30,000","1,000",0.00,104,N/A,N/A,N/A,N/A,N/A,N/A,N/A,N/A,N/A,N/A,N/A,N/A,N/A,N/A
1452,TIGER 200 철강소재,"9,410",145,+1.57%,0,"11,727","9,270","9,410","9,215","9,330","9,350",109,"11,578","59,136","49,449","1,100",1.89,103,N/A,N/A,N/A,N/A,N/A,N/A,N/A,N/A,N/A,N/A,N/A,N/A,N/A,N/A
1453,KBSTAR 중국MSCI China(H),"9,835",285,-2.82%,0,"2,372","10,160","10,160","9,780","9,855","9,960",23,"6,832",354,"8,341","1,050",0.00,103,N/A,N/A,N/A,N/A,N/A,N/A,N/A,N/A,N/A,N/A,N/A,N/A,N/A,N/A
1454,대상홀딩스우,"11,300",150,-1.31%,"1,000","5,170","11,450","11,450","11,200","11,250","11,300",58,"7,781","5,920","8,629",913,1.00,103,N/A,N/A,N/A,N/A,N/A,N/A,"1,407",N/A,N/A,8.03,N/A,N/A,0.59,N/A
1455,KINDEX 중국과창판STAR50,"9,365",35,-0.37%,0,"2,373","9,595","9,595","9,330","9,345","9,370",22,"7,224",691,"11,526","1,100",4.81,103,N/A,N/A,N/A,N/A,N/A,N/A,N/A,N/A,N/A,N/A,N/A,N/A,N/A,N/A
1456,KOSEF KRX100,"5,705",115,-1.98%,0,"24,607","5,750","5,750","5,690","5,695","5,725",140,128,"25,020","25,001","1,800",0.01,103,N/A,N/A,N/A,N/A,N/A,N/A,N/A,N/A,N/A,N/A,N/A,N/A,N/A,N/A
1457,KOSEF 미국달러선물인버스,"9,865",55,-0.55%,0,"1,424","9,880","9,880","9,855","9,855","9,860",14,2,"35,873","34,142","1,040",0.00,103,N/A,N/A,N/A,N/A,N/A,N/A,N/A,N/A,N/A,N/A,N/A,N/A,N/A,N/A
1458,KBSTAR 글로벌클린에너지S&P,"8,530",295,-3.34%,0,"12,046","8,690","8,690","8,420","8,500","8,520",103,"8,984",974,"45,889","1,200",0.00,102,N/A,N/A,N/A,N/A,N/A,N/A,N/A,N/A,N/A,N/A,N/A,N/A,N/A,N/A
1459,메리츠 인버스 2X 미국채10년 ETN(H),"10,225",125,-1.21%,0,330,"10,215","10,225","10,105","10,220","10,225",3,"1,476","3,298","80,000","1,000",0.00,102,N/A,N/A,N/A,N/A,N/A,N/A,N/A,N/A,N/A,N/A,N/A,N/A,N/A,N/A
1460,KODEX 콩선물(H),"14,590",55,-0.38%,0,"6,310","14,590","14,590","14,500","14,585","14,590",91,"7,890",953,"20,085",700,0.00,102,N/A,N/A,N/A,N/A,N/A,N/A,N/A,N/A,N/A,N/A,N/A,N/A,N/A,N/A
1461,마이다스 KoreaStock액티브,"19,400",180,-0.92%,0,71,"19,650","19,650","19,330","19,385","19,425",1,90,"28,942","29,123",525,0.00,102,N/A,N/A,N/A,N/A,N/A,N/A,N/A,N/A,N/A,N/A,N/A,N/A,N/A,N/A
1462,메리츠 은 선물 ETN(H),"10,180",0,0.00%,0,0,"10,180","10,180","10,180","10,130","10,135",0,0,"1,636","50,000","1,000",0.00,102,N/A,N/A,N/A,N/A,N/A,N/A,N/A,N/A,N/A,N/A,N/A,N/A,N/A,N/A
1463,ARIRANG KRX300,"16,960",250,-1.45%,0,17,"17,140","17,140","16,920","16,890","16,935",0,20,"35,054","30,093",600,0.84,102,N/A,N/A,N/A,N/A,N/A,N/A,N/A,N/A,N/A,N/A,N/A,N/A,N/A,N/A
1464,메리츠 인버스 2X 국채10년 ETN,"10,140",35,+0.35%,0,98,"10,145","10,145","10,140","10,050","10,055",0,"1,009","2,905","80,000","1,000",0.00,101,N/A,N/A,N/A,N/A,N/A,N/A,N/A,N/A,N/A,N/A,N/A,N/A,N/A,N/A
1465,삼성 은 선물 ETN(H),"10,125",40,-0.39%,0,30,"10,125","10,125","10,125","10,115","10,125",0,0,"1,045","60,000","1,000",0.00,101,N/A,N/A,N/A,N/A,N/A,N/A,N/A,N/A,N/A,N/A,N/A,N/A,N/A,N/A
1466,메리츠 인버스 2X 대표 농산물 선물 ETN(H),"10,105",635,-5.91%,0,"60,177","10,620","10,640","10,005","10,115","10,135",621,"152,790","42,209","50,241","1,000",0.00,101,N/A,N/A,N/A,N/A,N/A,N/A,N/A,N/A,N/A,N/A,N/A,N/A,N/A,N/A
1467,KBSTAR KQ고배당,"14,425",175,-1.20%,0,"2,424","14,600","14,600","14,425","14,420","14,460",35,"1,684","17,753","20,479",700,0.00,101,N/A,N/A,N/A,N/A,N/A,N/A,N/A,N/A,N/A,N/A,N/A,N/A,N/A,N/A
1468,메리츠 인버스 미국채10년 ETN(H),"10,090",100,-0.98%,0,328,"10,120","10,120","10,060","10,125","10,135",3,350,"2,762","80,000","1,000",0.00,101,N/A,N/A,N/A,N/A,N/A,N/A,N/A,N/A,N/A,N/A,N/A,N/A,N/A,N/A
1469,TRUE 인버스 2X S&P500 선물 ETN(H),"2,015",50,+2.54%,0,"82,148","1,980","2,055","1,980","2,020","2,025",165,"30,439","468,531","449,422","5,000",0.00,101,N/A,N/A,N/A,N/A,N/A,N/A,N/A,N/A,N/A,N/A,N/A,N/A,N/A,N/A
1470,HANARO Fn K-메타버스MZ,"10,070",215,-2.09%,0,"7,854","10,245","10,245","10,030","10,045","10,065",79,"12,357","100,299","49,253","1,000",0.04,101,N/A,N/A,N/A,N/A,N/A,N/A,N/A,N/A,N/A,N/A,N/A,N/A,N/A,N/A
1471,메리츠 인버스 국채10년 ETN,"10,060",0,0.00%,0,2,"10,060","10,060","10,060","10,040","10,050",0,9,101,"80,000","1,000",0.00,101,N/A,N/A,N/A,N/A,N/A,N/A,N/A,N/A,N/A,N/A,N/A,N/A,N/A,N/A
1472,TIGER 코스닥150바이오테크,"8,805",220,-2.44%,0,"3,256","8,985","8,985","8,805","8,810","8,845",28,"4,091","3,075","9,283","1,140",0.00,100,N/A,N/A,N/A,N/A,N/A,N/A,N/A,N/A,N/A,N/A,N/A,N/A,N/A,N/A
1473,메리츠 국채10년 ETN,"9,965",5,+0.05%,0,1,"9,965","9,965","9,965","9,975","9,980",0,140,337,"80,000","1,000",0.00,100,N/A,N/A,N/A,N/A,N/A,N/A,N/A,N/A,N/A,N/A,N/A,N/A,N/A,N/A
1474,KB 레버리지 은 선물 ETN(H),"19,915",0,0.00%,0,124,"19,775","19,915","19,720","19,815","19,850",2,6,"1,291","49,895",500,0.00,100,N/A,N/A,N/A,N/A,N/A,N/A,N/A,N/A,N/A,N/A,N/A,N/A,N/A,N/A
1475,TREX 펀더멘탈 200,"39,790",0,0.00%,0,0,"39,790","39,790","39,790","39,200","39,390",0,1,"10,001","10,000",250,0.08,99,N/A,N/A,N/A,N/A,N/A,N/A,N/A,N/A,N/A,N/A,N/A,N/A,N/A,N/A
1476,TRUE 인버스 금 선물 ETN,"9,940",0,0.00%,0,10,"9,940","9,940","9,940","9,935","9,940",0,0,100,"119,990","1,000",0.00,99,N/A,N/A,N/A,N/A,N/A,N/A,N/A,N/A,N/A,N/A,N/A,N/A,N/A,N/A
1477,TIGER 유로스탁스레버리지(합성 H),"7,645",795,-9.42%,0,"53,003","8,050","8,105","7,535","7,600","7,630",408,"7,649","1,887","3,399","1,300",0.00,99,N/A,N/A,N/A,N/A,N/A,N/A,N/A,N/A,N/A,N/A,N/A,N/A,N/A,N/A
1478,삼성 나스닥 100 ETN(H),"9,920",200,-1.98%,0,1,"9,920","9,920","9,920","9,895","9,905",0,6,"2,879","60,000","1,000",0.00,99,N/A,N/A,N/A,N/A,N/A,N/A,N/A,N/A,N/A,N/A,N/A,N/A,N/A,N/A
1479,크라운제과우,"12,800",350,-2.66%,200,"5,549","13,000","13,150","12,700","12,750","12,800",71,"30,721","6,398","2,012",774,0.53,99,N/A,N/A,N/A,N/A,N/A,N/A,959,N/A,N/A,13.35,N/A,N/A,1.02,N/A
1480,메리츠 레버리지 국채10년 ETN,"9,880",15,+0.15%,0,2,"9,880","9,880","9,880","9,900","9,905",0,4,"1,030","80,000","1,000",0.00,99,N/A,N/A,N/A,N/A,N/A,N/A,N/A,N/A,N/A,N/A,N/A,N/A,N/A,N/A
1481,메리츠 미국채10년 ETN(H),"9,880",45,+0.46%,0,2,"9,880","9,880","9,880","9,875","9,880",0,4,517,"80,000","1,000",0.00,99,N/A,N/A,N/A,N/A,N/A,N/A,N/A,N/A,N/A,N/A,N/A,N/A,N/A,N/A
1482,KODEX 모멘텀Plus,"12,325",25,-0.20%,0,373,"12,345","12,345","12,235","12,290","12,300",4,"2,975","34,050","33,962",800,0.00,99,N/A,N/A,N/A,N/A,N/A,N/A,N/A,N/A,N/A,N/A,N/A,N/A,N/A,N/A
1483,TRUE 은 선물 ETN,"9,845",0,0.00%,0,0,"9,845","9,845","9,845","9,910","9,915",0,101,"1,880","70,000","1,000",0.00,98,N/A,N/A,N/A,N/A,N/A,N/A,N/A,N/A,N/A,N/A,N/A,N/A,N/A,N/A
1484,미래에셋 인버스 에너지화학 Core5 ETN,"4,920",20,+0.41%,0,2,"4,940","4,940","4,920","4,955","4,975",0,115,"1,920","39,999","2,000",0.00,98,N/A,N/A,N/A,N/A,N/A,N/A,N/A,N/A,N/A,N/A,N/A,N/A,N/A,N/A
1485,TIGER KRX2차전지K-뉴딜레버리지,"6,780",390,-5.44%,0,"146,091","7,230","7,230","6,695","6,715","6,735",997,"134,015","25,950","19,508","1,450",0.00,98,N/A,N/A,N/A,N/A,N/A,N/A,N/A,N/A,N/A,N/A,N/A,N/A,N/A,N/A
1486,삼성 S&P500 VIX S/T 선물 ETN(H) C,"9,825",360,+3.80%,0,"32,821","9,510","10,195","9,510","9,895","9,920",328,"20,283","81,377","89,735","1,000",0.00,98,N/A,N/A,N/A,N/A,N/A,N/A,N/A,N/A,N/A,N/A,N/A,N/A,N/A,N/A
1487,KOSEF 고배당,"9,745",50,-0.51%,0,"9,845","9,795","9,795","9,690","9,715","9,720",95,"6,718","4,728","8,230","1,000",0.51,97,N/A,N/A,N/A,N/A,N/A,N/A,N/A,N/A,N/A,N/A,N/A,N/A,N/A,N/A
1488,신한 인버스 2X 은 선물 ETN(H),"1,945",15,+0.78%,0,"34,985","1,955","1,960","1,930","1,945","1,950",68,"115,837","252,597","246,100","5,000",0.00,97,N/A,N/A,N/A,N/A,N/A,N/A,N/A,N/A,N/A,N/A,N/A,N/A,N/A,N/A
1489,메리츠 레버리지 미국채10년 ETN(H),"9,710",120,+1.25%,0,2,"9,710","9,710","9,710","9,700","9,705",0,24,318,"80,000","1,000",0.00,97,N/A,N/A,N/A,N/A,N/A,N/A,N/A,N/A,N/A,N/A,N/A,N/A,N/A,N/A
1490,TIGER 일본TOPIX(합성 H),"15,135",335,-2.17%,0,319,"15,135","15,240","15,110","15,100","15,155",4,22,"40,143","39,717",640,0.00,97,N/A,N/A,N/A,N/A,N/A,N/A,N/A,N/A,N/A,N/A,N/A,N/A,N/A,N/A
1491,삼성 인버스 나스닥 100 ETN(H),"9,685",220,+2.32%,0,182,"9,550","9,760","9,550","9,670","9,685",1,164,"8,004","60,281","1,000",0.00,97,N/A,N/A,N/A,N/A,N/A,N/A,N/A,N/A,N/A,N/A,N/A,N/A,N/A,N/A
1492,미래에셋 K200 Auto-KO-C 2303-01 ETN,"9,670",0,0.00%,0,0,"9,670","9,670","9,670","9,375","9,405",0,"5,074",100,"30,000","1,000",0.00,97,N/A,N/A,N/A,N/A,N/A,N/A,N/A,N/A,N/A,N/A,N/A,N/A,N/A,N/A
1493,KODEX TSE일본리츠(H),"12,060",105,-0.86%,0,130,"12,180","12,180","12,040","12,050","12,060",1,223,"4,907","5,018",800,0.00,96,N/A,N/A,N/A,N/A,N/A,N/A,N/A,N/A,N/A,N/A,N/A,N/A,N/A,N/A
1494,하나 KRX300 ETN,"9,645",25,+0.26%,0,2,"9,685","9,685","9,645","9,555","9,580",0,2,"7,389","40,000","1,000",0.00,96,N/A,N/A,N/A,N/A,N/A,N/A,N/A,N/A,N/A,N/A,N/A,N/A,N/A,N/A
1495,KODEX 혁신기술테마액티브,"12,050",190,-1.55%,0,329,"12,100","12,115","12,050","12,050","12,110",3,612,"15,063","14,768",800,0.00,96,N/A,N/A,N/A,N/A,N/A,N/A,N/A,N/A,N/A,N/A,N/A,N/A,N/A,N/A
1496,FOCUS 혁신기업액티브,"8,735",110,-1.24%,0,4,"8,820","8,820","8,735","8,715","8,755",0,5,"10,003","10,003","1,100",0.00,96,N/A,N/A,N/A,N/A,N/A,N/A,N/A,N/A,N/A,N/A,N/A,N/A,N/A,N/A
1497,한양증권우,"18,200",150,-0.82%,"5,000",40,"18,450","18,450","18,200","18,200","18,250",0,635,"1,947","2,314",525,0.14,96,N/A,N/A,N/A,N/A,N/A,N/A,"5,620",N/A,N/A,3.24,N/A,N/A,0.57,N/A
1498,신한 인버스 구리 선물 ETN(H),"4,770",115,-2.35%,0,"4,840","4,840","4,865","4,765","4,780","4,790",23,"2,040","60,382","56,549","2,000",0.00,95,N/A,N/A,N/A,N/A,N/A,N/A,N/A,N/A,N/A,N/A,N/A,N/A,N/A,N/A
1499,KODEX 일본TOPIX100,"15,860",325,-2.01%,0,660,"16,175","16,175","15,855","15,865","16,010",10,"2,675","20,068","19,682",600,0.00,95,N/A,N/A,N/A,N/A,N/A,N/A,N/A,N/A,N/A,N/A,N/A,N/A,N/A,N/A
1500,메리츠 CSI 300 ETN,"9,515",0,0.00%,0,0,"9,515","9,515","9,515","9,450","9,480",0,0,"3,053","5,000","1,000",0.00,95,N/A,N/A,N/A,N/A,N/A,N/A,N/A,N/A,N/A,N/A,N/A,N/A,N/A,N/A
N,종목명,현재가,전일비,등락률,액면가,거래량,시가,고가,저가,매수호가,매도호가,거래대금,전일거래량,매수총잔량,매도총잔량,상장주식수,외국인비율,시가총액,매출액,자산총계,부채총계,영업이익,매출액증가율,당기순이익,주당순이익,보통주배당금,영업이익증가율,PER,ROE,ROA,PBR,유보율
1501,TIGER 미국S&P500선물인버스(H),"3,800",50,+1.33%,0,"48,535","3,750","3,830","3,750","3,810","3,815",184,"20,901","18,249","32,260","2,500",0.00,95,N/A,N/A,N/A,N/A,N/A,N/A,N/A,N/A,N/A,N/A,N/A,N/A,N/A,N/A
1502,KINDEX 레버리지,"7,910",215,-2.65%,0,"24,374","8,095","8,095","7,830","7,865","7,890",192,"28,746","23,794","13,039","1,200",0.38,95,N/A,N/A,N/A,N/A,N/A,N/A,N/A,N/A,N/A,N/A,N/A,N/A,N/A,N/A
1503,삼성 인버스 은 선물 ETN(H),"9,480",30,+0.32%,0,1,"9,480","9,480","9,480","9,495","9,505",0,2,100,"60,000","1,000",0.00,95,N/A,N/A,N/A,N/A,N/A,N/A,N/A,N/A,N/A,N/A,N/A,N/A,N/A,N/A
1504,계양전기우,"6,770",0,0.00%,500,0,0,0,0,0,0,0,0,0,0,"1,400",3.08,95,N/A,N/A,N/A,N/A,N/A,N/A,190,N/A,N/A,35.63,N/A,N/A,1.14,N/A
1505,노루페인트우,"20,450",550,-2.62%,500,"6,549","20,900","20,900","20,450","20,450","20,600",134,"35,935",540,"1,312",463,0.55,95,N/A,N/A,N/A,N/A,N/A,N/A,714,N/A,N/A,28.64,N/A,N/A,1.20,N/A
1506,메리츠 인버스 은 선물 ETN(H),"9,450",0,0.00%,0,0,"9,450","9,450","9,450","9,505","9,515",0,10,100,"30,000","1,000",0.00,94,N/A,N/A,N/A,N/A,N/A,N/A,N/A,N/A,N/A,N/A,N/A,N/A,N/A,N/A
1507,TREX 200,"37,755",645,-1.68%,0,24,"38,050","38,050","37,710","37,730","37,770",0,151,"10,126","10,115",250,0.00,94,N/A,N/A,N/A,N/A,N/A,N/A,N/A,N/A,N/A,N/A,N/A,N/A,N/A,N/A
1508,TRUE 인버스 2X HSCEI ETN(H),"9,430",420,+4.66%,0,"12,901","9,250","9,515","9,250","9,450","9,455",120,222,"3,629","110,235","1,000",0.00,94,N/A,N/A,N/A,N/A,N/A,N/A,N/A,N/A,N/A,N/A,N/A,N/A,N/A,N/A
1509,TRUE 인버스 베트남 VN30 선물 ETN(H),"9,420",60,-0.63%,0,"3,500","9,415","9,420","9,410","9,425","9,430",32,"2,283","19,320","49,300","1,000",0.00,94,N/A,N/A,N/A,N/A,N/A,N/A,N/A,N/A,N/A,N/A,N/A,N/A,N/A,N/A
1510,KINDEX 일본TOPIX레버리지(H),"18,835",740,-3.78%,0,"6,640","19,195","19,215","18,610","18,665","18,700",125,441,"15,412","13,591",500,0.00,94,N/A,N/A,N/A,N/A,N/A,N/A,N/A,N/A,N/A,N/A,N/A,N/A,N/A,N/A
1511,KINDEX 스마트로우볼,"15,675",115,-0.73%,0,10,"15,675","15,675","15,675","15,545","15,585",0,24,"40,054","40,044",600,0.00,94,N/A,N/A,N/A,N/A,N/A,N/A,N/A,N/A,N/A,N/A,N/A,N/A,N/A,N/A
1512,삼성 인버스 China A50 선물 ETN(H),"9,400",195,+2.12%,0,629,"9,250","9,400","9,250","9,395","9,410",5,481,"8,410","60,008","1,000",0.00,94,N/A,N/A,N/A,N/A,N/A,N/A,N/A,N/A,N/A,N/A,N/A,N/A,N/A,N/A
1513,TRUE 플래티넘 선물 ETN,"9,350",170,+1.85%,0,584,"9,250","9,350","9,250","9,335","9,340",5,"2,485","38,631","114,560","1,000",0.00,93,N/A,N/A,N/A,N/A,N/A,N/A,N/A,N/A,N/A,N/A,N/A,N/A,N/A,N/A
1514,신한 인버스 Russell 2000 ETN,"9,250",310,+3.47%,0,1,"9,250","9,250","9,250","9,215","9,225",0,0,"7,015","9,999","1,000",0.00,92,N/A,N/A,N/A,N/A,N/A,N/A,N/A,N/A,N/A,N/A,N/A,N/A,N/A,N/A
1515,삼성 인버스 금 선물 ETN(H),"9,235",0,0.00%,0,0,"9,235","9,235","9,235","9,170","9,180",0,2,198,"60,000","1,000",0.00,92,N/A,N/A,N/A,N/A,N/A,N/A,N/A,N/A,N/A,N/A,N/A,N/A,N/A,N/A
1516,노루홀딩스우,"49,600","4,300",-7.98%,500,"19,162","50,300","51,000","49,600","49,700","49,800",963,"60,878",490,408,185,0.38,92,N/A,N/A,N/A,N/A,N/A,N/A,831,N/A,N/A,59.69,N/A,N/A,1.39,N/A
1517,TRUE 레버리지 유로스탁스50 ETN(H) B,"9,180",920,-9.11%,0,"45,576","9,645","9,645","9,020","9,125","9,130",419,"1,897","16,895","100,381","1,000",0.00,92,N/A,N/A,N/A,N/A,N/A,N/A,N/A,N/A,N/A,N/A,N/A,N/A,N/A,N/A
1518,하나 코스닥150 선물 ETN,"9,175",55,+0.60%,0,2,"9,210","9,210","9,175","9,055","9,080",0,2,100,"40,000","1,000",0.00,92,N/A,N/A,N/A,N/A,N/A,N/A,N/A,N/A,N/A,N/A,N/A,N/A,N/A,N/A
1519,KB 인버스 2X S&P 500 선물 ETN,"9,165",320,+3.62%,0,"1,037","9,100","9,300","9,095","9,175","9,190",9,934,"7,894","49,679","1,000",0.00,92,N/A,N/A,N/A,N/A,N/A,N/A,N/A,N/A,N/A,N/A,N/A,N/A,N/A,N/A
1520,KINDEX 미국스팩&IPO INDXX,"7,635",280,-3.54%,0,891,"7,685","7,685","7,560","7,615","7,630",6,588,"7,700","15,526","1,200",0.00,92,N/A,N/A,N/A,N/A,N/A,N/A,N/A,N/A,N/A,N/A,N/A,N/A,N/A,N/A
1521,코오롱글로벌우,"29,050",200,-0.68%,"5,000",682,"29,250","29,250","29,000","28,950","29,050",19,317,62,180,313,0.82,91,N/A,N/A,N/A,N/A,N/A,N/A,"5,449",N/A,N/A,5.33,N/A,N/A,1.24,N/A
1522,신한 인버스 달러인덱스 선물 ETN(H),"9,050",45,-0.49%,0,510,"9,115","9,115","9,045","9,045","9,055",4,605,"1,172","9,493","1,000",0.00,90,N/A,N/A,N/A,N/A,N/A,N/A,N/A,N/A,N/A,N/A,N/A,N/A,N/A,N/A
1523,WOORI AI ESG액티브,"9,040",175,-1.90%,0,478,"9,155","9,155","9,015","9,030","9,040",4,"20,332","48,093","59,687","1,000",0.00,90,N/A,N/A,N/A,N/A,N/A,N/A,N/A,N/A,N/A,N/A,N/A,N/A,N/A,N/A
1524,TRUE 코스닥 150 ETN,"9,040",105,+1.18%,0,2,"9,055","9,055","9,040","8,905","8,920",0,2,222,"115,000","1,000",0.00,90,N/A,N/A,N/A,N/A,N/A,N/A,N/A,N/A,N/A,N/A,N/A,N/A,N/A,N/A
1525,서울식품우,"4,040",40,-0.98%,100,"1,647","4,080","4,080","4,035","4,040","4,045",6,"7,708",947,"3,203","2,224",0.22,90,N/A,N/A,N/A,N/A,N/A,N/A,-17,N/A,N/A,-237.65,N/A,N/A,55.26,N/A
1526,KBSTAR 차이나HSCEI(H),"8,920",215,-2.35%,0,"19,508","9,140","9,140","8,870","8,910","8,925",173,"6,713","31,005","29,964","1,000",0.00,89,N/A,N/A,N/A,N/A,N/A,N/A,N/A,N/A,N/A,N/A,N/A,N/A,N/A,N/A
1527,신한 인버스 2X 다우존스지수 선물 ETN(H),"2,225",40,+1.83%,0,"139,928","2,190","2,275","2,190","2,245","2,250",314,"17,498","161,623","147,994","4,000",0.00,89,N/A,N/A,N/A,N/A,N/A,N/A,N/A,N/A,N/A,N/A,N/A,N/A,N/A,N/A
1528,메리츠 인버스 구리 선물 ETN(H),"8,855",205,-2.26%,0,30,"9,000","9,020","8,855","8,870","8,880",0,4,158,"29,971","1,000",0.00,89,N/A,N/A,N/A,N/A,N/A,N/A,N/A,N/A,N/A,N/A,N/A,N/A,N/A,N/A
1529,삼성 인버스 구리 선물 ETN(H),"8,850",205,-2.26%,0,710,"8,985","9,010","8,850","8,860","8,870",6,820,696,"60,000","1,000",0.00,88,N/A,N/A,N/A,N/A,N/A,N/A,N/A,N/A,N/A,N/A,N/A,N/A,N/A,N/A
1530,신한 인버스 은 선물 ETN(H),"4,410",20,+0.46%,0,530,"4,430","4,430","4,385","4,415","4,425",2,124,"82,185","129,472","2,000",0.00,88,N/A,N/A,N/A,N/A,N/A,N/A,N/A,N/A,N/A,N/A,N/A,N/A,N/A,N/A
1531,동원시스템즈우,"33,200",300,-0.90%,"5,000",123,"33,500","33,500","33,150","33,200","33,450",4,396,94,225,265,0.11,88,N/A,N/A,N/A,N/A,N/A,N/A,"2,208",N/A,N/A,15.04,N/A,N/A,1.60,N/A
1532,메리츠 국채30년 ETN,"8,790",0,0.00%,0,4,"8,790","8,790","8,790","8,780","8,790",0,3,"2,215","80,000","1,000",0.00,88,N/A,N/A,N/A,N/A,N/A,N/A,N/A,N/A,N/A,N/A,N/A,N/A,N/A,N/A
1533,금호건설우,"30,000",100,+0.33%,"5,000",99,"30,100","30,100","29,950","29,950","30,000",2,883,34,169,292,0.00,88,N/A,N/A,N/A,N/A,N/A,N/A,"2,954",N/A,N/A,10.16,N/A,N/A,1.47,N/A
1534,KBSTAR 미국고정배당우선증권ICE TR,"10,285",80,+0.78%,0,474,"10,340","10,340","10,195","10,200","10,285",4,582,"4,724","9,585",850,0.00,87,N/A,N/A,N/A,N/A,N/A,N/A,N/A,N/A,N/A,N/A,N/A,N/A,N/A,N/A
1535,KB 인버스 2X 은 선물 ETN(H),"17,390",90,+0.52%,0,1,"17,390","17,390","17,390","17,440","17,475",0,205,101,"50,004",500,0.00,87,N/A,N/A,N/A,N/A,N/A,N/A,N/A,N/A,N/A,N/A,N/A,N/A,N/A,N/A
1536,KINDEX 멕시코MSCI(합성),"10,840",20,-0.18%,0,14,"10,770","10,840","10,770","10,795","10,840",0,175,"5,379","7,543",800,0.00,87,N/A,N/A,N/A,N/A,N/A,N/A,N/A,N/A,N/A,N/A,N/A,N/A,N/A,N/A
1537,KBSTAR 글로벌수소경제Indxx,"10,820",430,-3.82%,0,"167,485","10,925","10,965","10,815","10,835","10,870","1,819","55,012","30,834","115,572",800,0.00,87,N/A,N/A,N/A,N/A,N/A,N/A,N/A,N/A,N/A,N/A,N/A,N/A,N/A,N/A
1538,ARIRANG 글로벌희토류전략자원기업MV,"9,510",240,-2.46%,0,"379,940","9,750","9,750","9,450","9,510","9,520","3,615","393,021","26,541","113,325",900,0.00,86,N/A,N/A,N/A,N/A,N/A,N/A,N/A,N/A,N/A,N/A,N/A,N/A,N/A,N/A
1539,KODEX MSCI Korea,"17,080",295,-1.70%,0,102,"17,150","17,150","17,055","17,055","17,080",1,"1,119","15,161","15,356",500,0.00,85,N/A,N/A,N/A,N/A,N/A,N/A,N/A,N/A,N/A,N/A,N/A,N/A,N/A,N/A
1540,KODEX MSCI밸류,"12,185",75,-0.61%,0,5,"12,185","12,185","12,185","12,135","12,185",0,"2,708","17,000","7,008",700,0.00,85,N/A,N/A,N/A,N/A,N/A,N/A,N/A,N/A,N/A,N/A,N/A,N/A,N/A,N/A
1541,KINDEX 스마트밸류,"14,195",140,-0.98%,0,44,"14,240","14,240","14,195","14,140","14,185",0,92,"15,105","15,044",600,0.00,85,N/A,N/A,N/A,N/A,N/A,N/A,N/A,N/A,N/A,N/A,N/A,N/A,N/A,N/A
1542,메리츠 STAR 50 ETN,"8,510",105,+1.25%,0,1,"8,510","8,510","8,510","8,435","8,465",0,0,"5,018","5,009","1,000",0.00,85,N/A,N/A,N/A,N/A,N/A,N/A,N/A,N/A,N/A,N/A,N/A,N/A,N/A,N/A
1543,KODEX 밸류Plus,"9,455",55,-0.58%,0,137,"9,455","9,455","9,415","9,425","9,440",1,675,"30,058","27,926",900,0.00,85,N/A,N/A,N/A,N/A,N/A,N/A,N/A,N/A,N/A,N/A,N/A,N/A,N/A,N/A
1544,KBSTAR 모멘텀로우볼,"15,345",195,-1.25%,0,67,"15,325","15,345","15,290","15,325","15,370",1,6,"14,995","10,054",550,0.00,84,N/A,N/A,N/A,N/A,N/A,N/A,N/A,N/A,N/A,N/A,N/A,N/A,N/A,N/A
1545,ARIRANG 글로벌MSCI(합성 H),"16,515",210,-1.26%,0,429,"16,800","16,800","16,515","16,615","16,680",7,"6,825","3,229","6,240",510,0.00,84,N/A,N/A,N/A,N/A,N/A,N/A,N/A,N/A,N/A,N/A,N/A,N/A,N/A,N/A
1546,MASTER 테크미디어텔레콤액티브,"9,305",115,-1.22%,0,"3,968","9,465","9,465","9,270","9,300","9,305",36,"2,937","10,373","20,128",900,0.00,84,N/A,N/A,N/A,N/A,N/A,N/A,N/A,N/A,N/A,N/A,N/A,N/A,N/A,N/A
1547,KOSEF 국고채10년레버리지,"119,585",365,+0.31%,0,90,"118,445","119,980","118,445","119,655","119,755",10,20,"3,946","4,031",70,0.00,84,N/A,N/A,N/A,N/A,N/A,N/A,N/A,N/A,N/A,N/A,N/A,N/A,N/A,N/A
1548,마이다스 200커버드콜5%OTM,"13,935",55,-0.39%,0,2,"13,990","13,990","13,935","13,775","13,830",0,4,"20,107","20,107",600,0.00,84,N/A,N/A,N/A,N/A,N/A,N/A,N/A,N/A,N/A,N/A,N/A,N/A,N/A,N/A
1549,KB 인버스 2X 금 선물 ETN(H),"16,610",245,-1.45%,0,10,"16,610","16,610","16,610","16,650","16,685",0,4,162,"49,990",500,0.00,83,N/A,N/A,N/A,N/A,N/A,N/A,N/A,N/A,N/A,N/A,N/A,N/A,N/A,N/A
1550,KBSTAR 200커뮤니케이션서비스,"15,870",255,-1.58%,0,7,"16,060","16,060","15,835","15,835","15,880",0,474,"7,674","6,709",520,0.00,83,N/A,N/A,N/A,N/A,N/A,N/A,N/A,N/A,N/A,N/A,N/A,N/A,N/A,N/A
N,종목명,현재가,전일비,등락률,액면가,거래량,시가,고가,저가,매수호가,매도호가,거래대금,전일거래량,매수총잔량,매도총잔량,상장주식수,외국인비율,시가총액,매출액,자산총계,부채총계,영업이익,매출액증가율,당기순이익,주당순이익,보통주배당금,영업이익증가율,PER,ROE,ROA,PBR,유보율
1551,KINDEX 삼성그룹동일가중,"16,455",105,-0.63%,0,16,"16,515","16,515","16,455","16,410","16,470",0,107,"10,114","15,039",500,0.00,82,N/A,N/A,N/A,N/A,N/A,N/A,N/A,N/A,N/A,N/A,N/A,N/A,N/A,N/A
1552,HANARO Fn친환경에너지,"9,660",80,-0.82%,0,"1,113","9,730","9,730","9,635","9,660","9,680",10,"6,449","19,670","22,894",850,0.00,82,N/A,N/A,N/A,N/A,N/A,N/A,N/A,N/A,N/A,N/A,N/A,N/A,N/A,N/A
1553,TIGER 우선주,"12,395",115,-0.92%,0,"10,890","12,505","12,505","12,355","12,395","12,400",134,413,"9,924","21,599",660,0.00,82,N/A,N/A,N/A,N/A,N/A,N/A,N/A,N/A,N/A,N/A,N/A,N/A,N/A,N/A
1554,TIGER 금은선물(H),"10,200",50,+0.49%,0,"6,070","10,175","10,260","10,175","10,200","10,220",62,"12,179","10,452","12,209",800,0.00,82,N/A,N/A,N/A,N/A,N/A,N/A,N/A,N/A,N/A,N/A,N/A,N/A,N/A,N/A
1555,KINDEX 스마트하이베타,"13,575",110,-0.80%,0,10,"13,575","13,575","13,575","13,480","13,520",0,20,"25,109","25,098",600,0.00,81,N/A,N/A,N/A,N/A,N/A,N/A,N/A,N/A,N/A,N/A,N/A,N/A,N/A,N/A
1556,TIGER 200커뮤니케이션서비스,"25,420",295,-1.15%,0,"15,427","25,835","25,835","25,285","25,355","25,370",391,20,"14,158","17,398",320,0.00,81,N/A,N/A,N/A,N/A,N/A,N/A,N/A,N/A,N/A,N/A,N/A,N/A,N/A,N/A
1557,TIGER 이머징마켓MSCI레버리지(합성 H),"10,970",380,-3.35%,0,372,"11,615","11,615","10,970","10,960","10,980",4,287,98,"29,658",740,0.00,81,N/A,N/A,N/A,N/A,N/A,N/A,N/A,N/A,N/A,N/A,N/A,N/A,N/A,N/A
1558,금강공업우,"13,750",50,-0.36%,"1,000","8,986","13,850","13,950","13,500","13,750","13,800",124,"6,987",595,940,590,1.82,81,N/A,N/A,N/A,N/A,N/A,N/A,95,N/A,N/A,144.74,N/A,N/A,1.23,N/A
1559,깨끗한나라우,"22,100",100,-0.45%,"1,000",468,"22,300","22,300","22,000","22,100","22,150",10,"3,148",206,126,366,3.72,81,N/A,N/A,N/A,N/A,N/A,N/A,352,N/A,N/A,62.78,N/A,N/A,3.79,N/A
1560,KBSTAR 주식혼합,"40,420",395,-0.97%,0,1,"40,420","40,420","40,420","40,415","40,470",0,1,"6,000","6,000",200,0.00,81,N/A,N/A,N/A,N/A,N/A,N/A,N/A,N/A,N/A,N/A,N/A,N/A,N/A,N/A
1561,신한 인버스 다우존스지수 선물 ETN(H),"4,030",65,+1.64%,0,322,"3,970","4,030","3,970","4,010","4,015",1,94,"47,697","60,393","2,000",0.00,81,N/A,N/A,N/A,N/A,N/A,N/A,N/A,N/A,N/A,N/A,N/A,N/A,N/A,N/A
1562,하이트진로홀딩스우,"17,100",400,+2.40%,"5,000",65,"17,000","17,100","17,000","17,050","17,100",1,"1,174",176,239,471,1.25,80,N/A,N/A,N/A,N/A,N/A,N/A,"1,985",N/A,N/A,8.61,N/A,N/A,0.73,N/A
1563,대원전선우,"3,070",10,-0.32%,500,"7,061","3,120","3,120","3,055","3,065","3,070",21,"76,708",726,898,"2,621",0.77,80,N/A,N/A,N/A,N/A,N/A,N/A,32,N/A,N/A,95.94,N/A,N/A,2.59,N/A
1564,TIGER KTOP30,"9,460",170,-1.77%,0,"1,044","9,585","9,585","9,440","9,450","9,475",9,822,"19,690","20,430",850,0.00,80,N/A,N/A,N/A,N/A,N/A,N/A,N/A,N/A,N/A,N/A,N/A,N/A,N/A,N/A
1565,삼성 인버스 2X 금 선물 ETN(H),"8,020",110,-1.35%,0,"7,766","8,045","8,045","7,925","8,015","8,020",62,"8,330","78,477","100,006","1,000",0.00,80,N/A,N/A,N/A,N/A,N/A,N/A,N/A,N/A,N/A,N/A,N/A,N/A,N/A,N/A
1566,KODEX Fn멀티팩터,"13,330",0,0.00%,0,0,"13,330","13,330","13,330","13,100","13,145",0,100,"25,000","30,000",600,0.28,80,N/A,N/A,N/A,N/A,N/A,N/A,N/A,N/A,N/A,N/A,N/A,N/A,N/A,N/A
1567,TIGER 금속선물(H),"8,875",315,+3.68%,0,"33,683","8,710","8,895","8,710","8,825","8,865",10,205,12,164,114,0.30,80,N/A,N/A,N/A,N/A,N/A,N/A,189,N/A,N/A,371.43,N/A,N/A,7.05,N/A
1568,SK네트웍스우,"70,200",300,+0.43%,"2,500",152,"70,100","71,000","70,100","70,000","70,300",232,"44,852","44,866","55,347",900,0.00,80,N/A,N/A,N/A,N/A,N/A,N/A,N/A,N/A,N/A,N/A,N/A,N/A,N/A,N/A
1569,HANARO Fn골프테마,"8,850",85,-0.95%,0,"26,329","8,940","8,940","8,805","8,825","8,835",697,"34,263","1,911","9,883",500,0.00,80,N/A,N/A,N/A,N/A,N/A,N/A,N/A,N/A,N/A,N/A,N/A,N/A,N/A,N/A
1570,KBSTAR 팔라듐선물(H),"15,910",610,+3.99%,0,"43,265","15,615","16,115","15,615","15,900","15,905",295,"24,857","13,934","16,108",900,0.00,80,N/A,N/A,N/A,N/A,N/A,N/A,N/A,N/A,N/A,N/A,N/A,N/A,N/A,N/A
1571,HANARO 미국메타버스iSelect,"9,920",280,-2.75%,0,"5,635","10,080","10,080","9,920","10,005","10,080",56,"44,137","20,579","143,500",800,0.00,79,N/A,N/A,N/A,N/A,N/A,N/A,N/A,N/A,N/A,N/A,N/A,N/A,N/A,N/A
1572,크라운해태홀딩스우,"13,200",100,-0.75%,500,"5,887","13,300","13,300","13,050","13,100","13,150",77,"27,114","6,432","3,694",601,1.92,79,N/A,N/A,N/A,N/A,N/A,N/A,968,N/A,N/A,13.64,N/A,N/A,0.68,N/A
1573,KINDEX 일본TOPIX인버스(합성 H),"4,395",65,+1.50%,0,"3,976","4,305","4,425","4,305","4,395","4,410",17,"5,309","26,225","27,435","1,800",0.00,79,N/A,N/A,N/A,N/A,N/A,N/A,N/A,N/A,N/A,N/A,N/A,N/A,N/A,N/A
1574,KODEX 삼성그룹밸류,"8,780",90,-1.01%,0,101,"8,810","8,810","8,760","8,760","8,780",0,290,"55,069","35,830",900,0.00,79,N/A,N/A,N/A,N/A,N/A,N/A,N/A,N/A,N/A,N/A,N/A,N/A,N/A,N/A
1575,ARIRANG 글로벌수소&차세대연료전지MV,"10,530",445,-4.05%,0,"296,585","10,850","10,850","10,450","10,505","10,530","3,119","357,105","26,195","85,195",750,0.00,79,N/A,N/A,N/A,N/A,N/A,N/A,N/A,N/A,N/A,N/A,N/A,N/A,N/A,N/A
1576,마이티 코스피100,"28,030",145,+0.52%,0,1,"28,030","28,030","28,030","27,935","28,040",0,0,"2,820","2,820",280,0.00,78,N/A,N/A,N/A,N/A,N/A,N/A,N/A,N/A,N/A,N/A,N/A,N/A,N/A,N/A
1577,MASTER 스마트커머스액티브,"9,220",80,-0.86%,0,"7,141","9,375","9,375","9,175","9,210","9,230",65,"1,866","19,300","17,934",850,0.00,78,N/A,N/A,N/A,N/A,N/A,N/A,N/A,N/A,N/A,N/A,N/A,N/A,N/A,N/A
1578,ARIRANG KS밸류가중TR,"15,670",165,-1.04%,0,24,"15,780","15,780","15,610","15,615","15,655",0,265,"20,045","11,095",500,0.00,78,N/A,N/A,N/A,N/A,N/A,N/A,N/A,N/A,N/A,N/A,N/A,N/A,N/A,N/A
1579,TIGER 로우볼,"12,240",0,0.00%,0,"1,214","12,180","12,240","12,180","12,220","12,255",14,"2,359","16,484","29,602",640,0.00,78,N/A,N/A,N/A,N/A,N/A,N/A,N/A,N/A,N/A,N/A,N/A,N/A,N/A,N/A
1580,KBSTAR 모멘텀밸류,"14,185",130,-0.91%,0,50,"14,140","14,185","14,105","14,150","14,195",0,31,"10,074","10,108",550,0.00,78,N/A,N/A,N/A,N/A,N/A,N/A,N/A,N/A,N/A,N/A,N/A,N/A,N/A,N/A
1581,삼성 KRX 2차전지 K-뉴딜 ETN,"7,790",215,-2.69%,0,176,"7,960","7,960","7,790","7,765","7,790",1,120,"13,981","80,004","1,000",0.00,78,N/A,N/A,N/A,N/A,N/A,N/A,N/A,N/A,N/A,N/A,N/A,N/A,N/A,N/A
1582,현대비앤지스틸우,"70,900",400,+0.57%,"5,000",191,"71,600","71,600","70,100","70,000","70,800",13,307,5,36,110,0.57,78,N/A,N/A,N/A,N/A,N/A,N/A,"4,224",N/A,N/A,16.79,N/A,N/A,2.24,N/A
1583,KINDEX 스마트모멘텀,"15,565",145,-0.92%,0,10,"15,565","15,565","15,565","15,405","15,440",0,20,"15,056","7,993",500,0.00,78,N/A,N/A,N/A,N/A,N/A,N/A,N/A,N/A,N/A,N/A,N/A,N/A,N/A,N/A
1584,코리아써키트2우B,"9,860",60,-0.60%,500,174,"9,980","9,990","9,800","9,800","9,860",1,"1,898",205,"1,442",784,0.00,77,N/A,N/A,N/A,N/A,N/A,N/A,925,N/A,N/A,10.66,N/A,N/A,0.71,N/A
1585,KINDEX 코스닥(합성),"12,855",175,-1.34%,0,27,"13,005","13,005","12,855","12,820","12,870",0,38,"15,153","15,155",600,0.00,77,N/A,N/A,N/A,N/A,N/A,N/A,N/A,N/A,N/A,N/A,N/A,N/A,N/A,N/A
1586,KB 인버스 2X 구리 선물 ETN(H),"15,365",835,-5.15%,0,117,"15,955","15,965","15,365","15,415","15,450",1,21,"4,829","49,939",500,0.00,77,N/A,N/A,N/A,N/A,N/A,N/A,N/A,N/A,N/A,N/A,N/A,N/A,N/A,N/A
1587,TIGER 코스닥150IT,"15,945",335,-2.06%,0,212,"16,140","16,140","15,945","15,940","15,990",3,605,"10,398","13,078",480,0.00,77,N/A,N/A,N/A,N/A,N/A,N/A,N/A,N/A,N/A,N/A,N/A,N/A,N/A,N/A
1588,ARIRANG 심천차이넥스트(합성),"12,630",180,-1.41%,0,145,"13,280","13,280","12,630","12,630","12,635",1,226,250,"8,874",600,0.00,76,N/A,N/A,N/A,N/A,N/A,N/A,N/A,N/A,N/A,N/A,N/A,N/A,N/A,N/A
1589,KB 인버스 2X 나스닥 100 ETN,"7,550",400,+5.59%,0,"23,700","7,325","7,710","7,325","7,530","7,545",178,"7,246","47,191","53,173","1,000",0.00,76,N/A,N/A,N/A,N/A,N/A,N/A,N/A,N/A,N/A,N/A,N/A,N/A,N/A,N/A
1590,KBSTAR 글로벌데이터센터리츠나스닥(합성),"11,560",25,-0.22%,0,"5,879","11,600","11,600","11,485","11,560","11,565",67,"1,383","4,134","5,566",650,0.00,75,N/A,N/A,N/A,N/A,N/A,N/A,N/A,N/A,N/A,N/A,N/A,N/A,N/A,N/A
1591,CJ씨푸드1우,"37,500",650,-1.70%,500,458,"37,850","37,850","37,250","37,300","37,500",17,"1,862",59,90,200,0.19,75,N/A,N/A,N/A,N/A,N/A,N/A,122,N/A,N/A,307.38,N/A,N/A,19.28,N/A
1592,KOSEF 미국방어배당성장나스닥,"12,495",225,-1.77%,0,"156,919","12,610","12,610","12,360","12,460","12,470","1,951","160,616","2,114","34,013",600,0.00,75,N/A,N/A,N/A,N/A,N/A,N/A,N/A,N/A,N/A,N/A,N/A,N/A,N/A,N/A
1593,KBSTAR Fn K-뉴딜디지털플러스,"9,370",260,-2.70%,0,89,"9,500","9,500","9,350","9,330","9,370",0,20,"16,956","14,996",800,0.00,75,N/A,N/A,N/A,N/A,N/A,N/A,N/A,N/A,N/A,N/A,N/A,N/A,N/A,N/A
1594,태양금속우,"2,265",20,-0.88%,500,"21,716","2,290","2,290","2,265","2,265","2,270",49,"24,337","11,693",398,"3,300",0.20,75,N/A,N/A,N/A,N/A,N/A,N/A,-424,N/A,N/A,-5.34,N/A,N/A,0.90,N/A
1595,KODEX 미국S&P바이오(합성),"22,960",675,-2.86%,0,374,"22,950","22,990","22,785","22,925","22,960",8,848,612,"7,977",325,0.00,75,N/A,N/A,N/A,N/A,N/A,N/A,N/A,N/A,N/A,N/A,N/A,N/A,N/A,N/A
1596,메리츠 레버리지 국채30년 ETN,"7,460",185,-2.42%,0,10,"7,460","7,460","7,460","7,610","7,620",0,651,"12,040","100,000","1,000",0.00,75,N/A,N/A,N/A,N/A,N/A,N/A,N/A,N/A,N/A,N/A,N/A,N/A,N/A,N/A
1597,TIGER 미국달러선물레버리지,"10,590",125,+1.19%,0,"2,834","10,520","10,610","10,520","10,590","10,600",29,"1,426","27,559","30,023",700,0.00,74,N/A,N/A,N/A,N/A,N/A,N/A,N/A,N/A,N/A,N/A,N/A,N/A,N/A,N/A
1598,KB 인버스 KOSDAQ150 선물 ETN,"10,580",40,-0.38%,0,2,"10,625","10,625","10,580","10,665","10,710",0,"1,004",99,"49,999",700,0.00,74,N/A,N/A,N/A,N/A,N/A,N/A,N/A,N/A,N/A,N/A,N/A,N/A,N/A,N/A
1599,KBSTAR KRX300미국달러선물혼합,"14,795",20,+0.14%,0,13,"14,875","14,875","14,765","14,760","14,795",0,101,"3,013","3,093",500,0.00,74,N/A,N/A,N/A,N/A,N/A,N/A,N/A,N/A,N/A,N/A,N/A,N/A,N/A,N/A
1600,KB 인버스 KOSPI 200 선물 ETN,"10,545",75,+0.72%,0,740,"10,470","10,545","10,450","10,560","10,605",7,2,"2,713","50,000",700,0.00,74,N/A,N/A,N/A,N/A,N/A,N/A,N/A,N/A,N/A,N/A,N/A,N/A,N/A,N/A
N,종목명,현재가,전일비,등락률,액면가,거래량,시가,고가,저가,매수호가,매도호가,거래대금,전일거래량,매수총잔량,매도총잔량,상장주식수,외국인비율,시가총액,매출액,자산총계,부채총계,영업이익,매출액증가율,당기순이익,주당순이익,보통주배당금,영업이익증가율,PER,ROE,ROA,PBR,유보율
1601,파워 고배당저변동성,"30,745",85,-0.28%,0,218,"30,610","30,745","30,495","30,705","30,795",6,65,"9,853","10,051",240,0.00,74,N/A,N/A,N/A,N/A,N/A,N/A,N/A,N/A,N/A,N/A,N/A,N/A,N/A,N/A
1602,신한 인버스 2X Russell 2000 ETN,"7,360",390,+5.60%,0,"7,726","7,140","7,360","7,140","7,345","7,360",55,"13,110","2,402","9,873","1,000",0.00,74,N/A,N/A,N/A,N/A,N/A,N/A,N/A,N/A,N/A,N/A,N/A,N/A,N/A,N/A
1603,KINDEX Fn성장소비주도주,"7,355",90,-1.21%,0,208,"7,405","7,405","7,305","7,350","7,370",1,"2,451","20,139","22,786","1,000",0.00,74,N/A,N/A,N/A,N/A,N/A,N/A,N/A,N/A,N/A,N/A,N/A,N/A,N/A,N/A
1604,TIGER 코스피중형주,"16,275",0,0.00%,0,0,"16,275","16,275","16,275","16,205","16,245",0,29,"15,054","15,453",450,0.35,73,N/A,N/A,N/A,N/A,N/A,N/A,N/A,N/A,N/A,N/A,N/A,N/A,N/A,N/A
1605,KBSTAR V&S셀렉트밸류,"14,505",215,-1.46%,0,11,"14,475","14,505","14,475","14,495","14,550",0,53,"10,097","8,054",500,0.00,73,N/A,N/A,N/A,N/A,N/A,N/A,N/A,N/A,N/A,N/A,N/A,N/A,N/A,N/A
1606,TIGER 일본엔선물,"10,310",100,+0.98%,0,"4,846","10,300","10,310","10,295","10,290","10,310",49,415,"19,570","24,181",700,0.00,72,N/A,N/A,N/A,N/A,N/A,N/A,N/A,N/A,N/A,N/A,N/A,N/A,N/A,N/A
1607,ARIRANG 국채선물3년,"53,035",0,0.00%,0,5,"53,050","53,050","53,035","52,995","53,025",0,0,"14,000","13,995",136,0.00,72,N/A,N/A,N/A,N/A,N/A,N/A,N/A,N/A,N/A,N/A,N/A,N/A,N/A,N/A
1608,KBSTAR KRX기후변화솔루션,"8,985",130,-1.43%,0,4,"9,040","9,040","8,985","8,965","8,995",0,119,"34,002","29,003",800,0.00,72,N/A,N/A,N/A,N/A,N/A,N/A,N/A,N/A,N/A,N/A,N/A,N/A,N/A,N/A
1609,SOL KRX기후변화솔루션,"8,955",95,-1.05%,0,156,"9,045","9,045","8,950","8,930","8,970",1,12,"45,001","44,849",800,0.00,72,N/A,N/A,N/A,N/A,N/A,N/A,N/A,N/A,N/A,N/A,N/A,N/A,N/A,N/A
1610,TRUE 인버스 2X 유로스탁스50 ETN(H),"3,575",325,+10.00%,0,"15,192","3,395","3,635","3,395","3,585","3,590",54,"24,433","207,180","284,731","2,000",0.00,72,N/A,N/A,N/A,N/A,N/A,N/A,N/A,N/A,N/A,N/A,N/A,N/A,N/A,N/A
1611,ARIRANG 신흥국MSCI인버스(합성 H),"9,930",250,+2.58%,0,"1,470","9,700","9,930","9,700","9,850","9,930",14,93,"10,017","10,028",720,0.00,71,N/A,N/A,N/A,N/A,N/A,N/A,N/A,N/A,N/A,N/A,N/A,N/A,N/A,N/A
1612,KODEX 퀄리티Plus,"10,200",50,-0.49%,0,127,"10,240","10,240","10,140","10,160","10,185",1,188,"25,013","20,083",700,0.00,71,N/A,N/A,N/A,N/A,N/A,N/A,N/A,N/A,N/A,N/A,N/A,N/A,N/A,N/A
1613,메리츠 레버리지 KRX300 선물 ETN,"7,120",105,-1.45%,0,2,"7,145","7,145","7,120","7,030","7,060",0,"12,042","20,000","250,000","1,000",0.00,71,N/A,N/A,N/A,N/A,N/A,N/A,N/A,N/A,N/A,N/A,N/A,N/A,N/A,N/A
1614,KBSTAR 수출주,"11,785",10,-0.08%,0,17,"11,750","11,785","11,715","11,735","11,765",0,6,"19,998","10,006",600,0.00,71,N/A,N/A,N/A,N/A,N/A,N/A,N/A,N/A,N/A,N/A,N/A,N/A,N/A,N/A
1615,TIGER 200에너지화학레버리지,"14,135",375,-2.58%,0,"1,143","15,400","15,400","13,920","13,955","14,085",16,"1,367","1,060","2,416",500,0.00,71,N/A,N/A,N/A,N/A,N/A,N/A,N/A,N/A,N/A,N/A,N/A,N/A,N/A,N/A
1616,KODEX 200동일가중,"11,715",30,-0.26%,0,4,"11,715","11,715","11,715","11,700","11,715",0,319,"20,108","15,058",600,0.00,70,N/A,N/A,N/A,N/A,N/A,N/A,N/A,N/A,N/A,N/A,N/A,N/A,N/A,N/A
1617,KINDEX 코스피,"28,010",375,-1.32%,0,"2,549","28,265","28,265","27,945","28,010","28,065",71,"3,310","17,079","19,049",250,0.00,70,N/A,N/A,N/A,N/A,N/A,N/A,N/A,N/A,N/A,N/A,N/A,N/A,N/A,N/A
1618,KODEX Fn Top10동일가중,"7,755",185,-2.33%,0,"2,451","7,905","7,905","7,750","7,745","7,760",19,"2,271","30,258","29,469",900,0.14,70,N/A,N/A,N/A,N/A,N/A,N/A,N/A,N/A,N/A,N/A,N/A,N/A,N/A,N/A
1619,삼성 HSCEI ETN(H),"6,975",195,-2.72%,0,"3,532","6,995","7,020","6,975","6,975","6,985",24,399,"10,021","30,007","1,000",0.00,70,N/A,N/A,N/A,N/A,N/A,N/A,N/A,N/A,N/A,N/A,N/A,N/A,N/A,N/A
1620,TIGER 200커버드콜5%OTM,"13,945",0,0.00%,0,0,"13,945","13,945","13,945","13,775","13,795",0,1,"10,057","15,108",500,0.00,70,N/A,N/A,N/A,N/A,N/A,N/A,N/A,N/A,N/A,N/A,N/A,N/A,N/A,N/A
1621,TIGER 모멘텀,"24,785",125,+0.51%,0,"3,148","24,660","24,785","24,480","24,735","24,745",77,"1,396","13,246","14,854",280,0.00,69,N/A,N/A,N/A,N/A,N/A,N/A,N/A,N/A,N/A,N/A,N/A,N/A,10.70,N/A
1622,남선알미우,"22,500",100,-0.44%,500,"2,747","22,900","22,900","22,300","22,350","22,550",62,"1,908","1,927",73,308,0.79,69,N/A,N/A,N/A,N/A,N/A,N/A,342,N/A,N/A,65.79,N/A,N/A,N/A,N/A
1623,TIGER S&P글로벌인프라(합성),"11,510",45,+0.39%,0,59,"11,550","11,550","11,510","11,510","11,530",0,588,"39,028","29,066",600,0.00,69,N/A,N/A,N/A,N/A,N/A,N/A,N/A,N/A,N/A,N/A,N/A,N/A,N/A,N/A
1624,KOSEF 릭소글로벌디지털경제MSCI,"8,505",205,-2.35%,0,852,"8,530","8,530","8,500","8,490","8,505",7,185,"10,197","25,135",800,0.00,68,N/A,N/A,N/A,N/A,N/A,N/A,N/A,N/A,N/A,N/A,N/A,N/A,N/A,N/A
1625,TIGER 의료기기,"17,005",210,-1.22%,0,157,"17,190","17,190","16,960","17,005","17,025",2,"3,458","7,086","7,038",400,0.00,68,N/A,N/A,N/A,N/A,N/A,N/A,N/A,N/A,N/A,N/A,N/A,N/A,N/A,N/A
1626,KODEX 경기소비재,"11,305",115,-1.01%,0,898,"11,400","11,400","11,230","11,260","11,280",10,549,"20,179","31,711",600,0.00,68,N/A,N/A,N/A,N/A,N/A,N/A,N/A,N/A,N/A,N/A,N/A,N/A,N/A,N/A
1627,KODEX MSCI모멘텀,"11,295",130,-1.14%,0,38,"11,310","11,310","11,295","11,290","11,345",0,0,"22,023","16,975",600,5.17,68,N/A,N/A,N/A,N/A,N/A,N/A,N/A,N/A,N/A,N/A,N/A,N/A,N/A,N/A
1628,하나 KRX BBIG K-뉴딜 ETN,"6,775",90,-1.31%,0,3,"6,910","6,910","6,775","6,740","6,765",0,2,"9,774","40,000","1,000",0.00,68,N/A,N/A,N/A,N/A,N/A,N/A,N/A,N/A,N/A,N/A,N/A,N/A,N/A,N/A
1629,동부건설우,"30,000",250,-0.83%,"5,000","3,411","30,000","30,500","30,000","30,000","30,150",102,"15,914",404,443,226,18.62,68,N/A,N/A,N/A,N/A,N/A,N/A,"4,610",N/A,N/A,6.51,N/A,N/A,1.27,N/A
1630,대신 인버스 알루미늄 선물 ETN(H),"6,745",270,-3.85%,0,"11,578","6,905","6,905","6,655","6,725","6,745",78,"1,307","21,362","81,237","1,000",0.00,67,N/A,N/A,N/A,N/A,N/A,N/A,N/A,N/A,N/A,N/A,N/A,N/A,N/A,N/A
1631,TIGER 미국달러선물인버스2X,"8,410",105,-1.23%,0,"2,116","8,460","8,460","8,400","8,400","8,415",17,406,"30,719","28,172",800,0.00,67,N/A,N/A,N/A,N/A,N/A,N/A,N/A,N/A,N/A,N/A,N/A,N/A,N/A,N/A
1632,ARIRANG 선진국MSCI(합성 H),"11,150",5,-0.04%,0,"4,982","11,155","11,175","11,015","11,100","11,150",55,"6,061","3,585","7,040",600,0.00,67,N/A,N/A,N/A,N/A,N/A,N/A,N/A,N/A,N/A,N/A,N/A,N/A,N/A,N/A
1633,삼성 KRX BBIG K-뉴딜 ETN,"6,645",40,+0.61%,0,10,"6,670","6,670","6,645","6,485","6,510",0,2,"1,726","80,000","1,000",0.00,66,N/A,N/A,N/A,N/A,N/A,N/A,N/A,N/A,N/A,N/A,N/A,N/A,N/A,N/A
1634,KODEX 200 중소형,"13,245",30,-0.23%,0,702,"13,250","13,250","13,145","13,190","13,225",9,"1,410","15,070","31,202",500,0.00,66,N/A,N/A,N/A,N/A,N/A,N/A,N/A,N/A,N/A,N/A,N/A,N/A,N/A,N/A
1635,KB KOSPI 200 선물 ETN,"9,420",15,+0.16%,0,2,"9,465","9,465","9,420","9,320","9,365",0,2,213,"49,999",700,0.00,66,N/A,N/A,N/A,N/A,N/A,N/A,N/A,N/A,N/A,N/A,N/A,N/A,N/A,N/A
1636,TIGER 200동일가중,"11,990",15,-0.12%,0,2,"11,985","11,990","11,985","11,960","11,995",0,43,"20,055","20,052",550,0.00,66,N/A,N/A,N/A,N/A,N/A,N/A,N/A,N/A,N/A,N/A,N/A,N/A,N/A,N/A
1637,JW중외제약우,"35,950",50,-0.14%,"2,500",658,"35,800","36,050","35,700","35,700","35,950",23,"1,306",17,352,183,0.04,66,N/A,N/A,N/A,N/A,N/A,N/A,-51,N/A,N/A,-704.90,N/A,N/A,4.05,N/A
1638,JW중외제약2우B,"63,800",500,-0.78%,"2,500",217,"64,900","64,900","63,800","63,600","63,800",13,352,9,180,103,0.49,66,N/A,N/A,N/A,N/A,N/A,N/A,-51,N/A,N/A,"-1,250.98",N/A,N/A,7.18,N/A
1639,TIGER 경기방어채권혼합,"9,330",0,0.00%,0,365,"9,320","9,330","9,310","9,320","9,330",3,"2,167","22,139","4,358",700,0.00,65,N/A,N/A,N/A,N/A,N/A,N/A,N/A,N/A,N/A,N/A,N/A,N/A,N/A,N/A
1640,유유제약2우B,"19,900",900,-4.33%,"1,000","5,490","20,450","20,600","19,900","19,900","19,950",110,"4,870",177,41,326,0.00,65,N/A,N/A,N/A,N/A,N/A,N/A,-52,N/A,N/A,-382.69,N/A,N/A,3.00,N/A
1641,ARIRANG 스마트베타Quality채권혼합,"10,795",15,-0.14%,0,235,"10,805","10,805","10,790","10,780","10,795",2,26,"10,051","10,028",600,0.00,65,N/A,N/A,N/A,N/A,N/A,N/A,N/A,N/A,N/A,N/A,N/A,N/A,N/A,N/A
1642,KINDEX 스마트퀄리티,"16,160",275,-1.67%,0,12,"16,295","16,295","16,160","16,140","16,180",0,50,"25,108","24,991",400,0.00,65,N/A,N/A,N/A,N/A,N/A,N/A,N/A,N/A,N/A,N/A,N/A,N/A,N/A,N/A
1643,삼성 항셍테크 ETN(H),"6,460",260,-3.87%,0,"2,079","6,465","6,510","6,445","6,450","6,460",13,"19,389","30,059","30,023","1,000",0.00,65,N/A,N/A,N/A,N/A,N/A,N/A,N/A,N/A,N/A,N/A,N/A,N/A,N/A,N/A
1644,HANARO 농업융복합산업,"11,700",35,-0.30%,0,590,"11,765","11,770","11,685","11,695","11,725",6,188,"30,153","20,201",550,0.00,64,N/A,N/A,N/A,N/A,N/A,N/A,N/A,N/A,N/A,N/A,N/A,N/A,N/A,N/A
1645,KOSEF 독일DAX,"8,555",450,-5.00%,0,"8,144","8,875","8,875","8,520","8,530","8,575",70,"3,574","76,233","88,676",750,0.00,64,N/A,N/A,N/A,N/A,N/A,N/A,N/A,N/A,N/A,N/A,N/A,N/A,N/A,N/A
1646,KB KOSDAQ 150 선물 ETN,"9,095",185,-1.99%,0,4,"9,195","9,195","9,095","9,080","9,120",0,226,97,"50,000",700,0.00,64,N/A,N/A,N/A,N/A,N/A,N/A,N/A,N/A,N/A,N/A,N/A,N/A,N/A,N/A
1647,KOSEF 코스닥150선물레버리지,"5,260",230,-4.19%,0,"8,474","5,420","5,420","5,215","5,240","5,255",45,"31,245","18,941","17,666","1,210",0.01,64,N/A,N/A,N/A,N/A,N/A,N/A,N/A,N/A,N/A,N/A,N/A,N/A,N/A,N/A
1648,TIGER 차이나항셍25,"14,140",195,-1.36%,0,934,"14,555","14,555","14,055","14,075","14,145",13,"5,076","1,012","9,315",450,0.00,64,N/A,N/A,N/A,N/A,N/A,N/A,N/A,N/A,N/A,N/A,N/A,N/A,N/A,N/A
1649,TRUE 인버스 유로스탁스50 ETN(H) B,"6,360",300,+4.95%,0,"1,268","6,200","6,415","6,200","6,375","6,380",8,394,"19,788","59,424","1,000",0.00,64,N/A,N/A,N/A,N/A,N/A,N/A,N/A,N/A,N/A,N/A,N/A,N/A,N/A,N/A
1650,TIGER 200커버드콜ATM,"10,555",110,-1.03%,0,1,"10,555","10,555","10,555","10,535","10,555",0,0,"20,006","19,999",600,0.00,63,N/A,N/A,N/A,N/A,N/A,N/A,N/A,N/A,N/A,N/A,N/A,N/A,N/A,N/A
N,종목명,현재가,전일비,등락률,액면가,거래량,시가,고가,저가,매수호가,매도호가,거래대금,전일거래량,매수총잔량,매도총잔량,상장주식수,외국인비율,시가총액,매출액,자산총계,부채총계,영업이익,매출액증가율,당기순이익,주당순이익,보통주배당금,영업이익증가율,PER,ROE,ROA,PBR,유보율
1651,TIGER 200커버드콜ATM,"10,555",110,-1.03%,0,1,"10,555","10,555","10,555","10,540","10,555",0,0,"20,006","19,999",600,0.00,63,N/A,N/A,N/A,N/A,N/A,N/A,N/A,N/A,N/A,N/A,N/A,N/A,N/A,N/A
1652,ARIRANG S&P글로벌인프라,"12,655",125,+1.00%,0,"2,543","12,615","12,715","12,615","12,645","12,655",32,192,"21,056","6,829",500,0.00,63,N/A,N/A,N/A,N/A,N/A,N/A,N/A,N/A,N/A,N/A,N/A,N/A,N/A,N/A
1653,흥국화재우,"8,200",50,+0.61%,"5,000","1,295","8,220","8,300","8,150","8,160","8,200",10,"7,743",177,"1,361",768,0.37,63,N/A,N/A,N/A,N/A,N/A,N/A,"1,044",N/A,N/A,7.85,N/A,N/A,0.74,N/A
1654,KBSTAR 차이나H선물인버스(H),"12,460",315,+2.59%,0,"1,438","12,150","12,490","12,150","12,435","12,455",17,203,"24,634","24,768",500,0.00,62,N/A,N/A,N/A,N/A,N/A,N/A,N/A,N/A,N/A,N/A,N/A,N/A,N/A,N/A
1655,KBSTAR 200건설,"12,450",135,+1.10%,0,770,"12,305","12,450","12,305","12,415","12,430",9,"1,099","12,248","14,901",500,0.00,62,N/A,N/A,N/A,N/A,N/A,N/A,N/A,N/A,N/A,N/A,N/A,N/A,N/A,N/A
1656,TIGER KRX BBIG K-뉴딜레버리지,"5,580",335,-5.66%,0,"7,441","5,915","5,915","5,555","5,565","5,585",0,204,"6,010","8,917",500,0.00,62,N/A,N/A,N/A,N/A,N/A,N/A,N/A,N/A,N/A,N/A,N/A,N/A,N/A,N/A
1657,신한 인버스 2X S&P500 선물 ETN,"3,060",110,+3.73%,0,"23,130","2,975","3,105","2,975","3,050","3,060",42,"3,745","35,114","25,292","1,100",0.00,61,N/A,N/A,N/A,N/A,N/A,N/A,N/A,N/A,N/A,N/A,N/A,N/A,N/A,N/A
1658,KBSTAR 유로스탁스50(H),"9,415",455,-4.61%,0,"7,655","9,610","9,610","9,330","9,385","9,390",70,"18,095","46,198","51,697","2,000",0.00,61,N/A,N/A,N/A,N/A,N/A,N/A,N/A,N/A,N/A,N/A,N/A,N/A,N/A,N/A
1659,KBSTAR 미국장기국채선물레버리지(합성 H),"12,230",95,+0.78%,0,26,"12,280","12,410","12,230","12,230","12,360",72,"2,914","66,912","63,360",650,0.00,61,N/A,N/A,N/A,N/A,N/A,N/A,N/A,N/A,N/A,N/A,N/A,N/A,N/A,N/A
1660,KBSTAR 중소형고배당,"12,215",40,-0.33%,0,502,"12,295","12,295","12,215","12,245","12,275",6,508,"15,089","27,225",500,0.00,61,N/A,N/A,N/A,N/A,N/A,N/A,N/A,N/A,N/A,N/A,N/A,N/A,N/A,N/A
1661,KBSTAR 헬스케어,"12,195",155,-1.26%,0,"3,550","12,395","12,395","12,195","12,170","12,220",43,301,"8,285","7,628",500,0.00,61,N/A,N/A,N/A,N/A,N/A,N/A,N/A,N/A,N/A,N/A,N/A,N/A,N/A,N/A
1662,TIGER 코스피대형주,"13,540",170,-1.24%,0,57,"13,460","13,550","13,460","13,510","13,550",0,418,"15,661","10,138",450,0.00,61,N/A,N/A,N/A,N/A,N/A,N/A,N/A,N/A,N/A,N/A,N/A,N/A,N/A,N/A
1663,TIGER 증권,"4,685",65,-1.37%,0,"2,394","4,750","4,750","4,665","4,680","4,690",11,"3,157","30,953","29,732","1,300",0.08,61,N/A,N/A,N/A,N/A,N/A,N/A,N/A,N/A,N/A,N/A,N/A,N/A,N/A,N/A
1664,TIGER 라틴35,"3,800",65,+1.74%,0,"50,049","3,735","3,810","3,660","3,805","3,810",188,"16,325","16,042","11,812","1,600",0.00,61,N/A,N/A,N/A,N/A,N/A,N/A,N/A,N/A,N/A,N/A,N/A,N/A,N/A,N/A
1665,KINDEX 필리핀MSCI(합성),"15,190",5,+0.03%,0,143,"14,930","15,235","14,930","15,195","15,200",2,65,"4,136","6,051",400,0.00,61,N/A,N/A,N/A,N/A,N/A,N/A,N/A,N/A,N/A,N/A,N/A,N/A,N/A,N/A
1666,대신 인버스 천연가스 선물 ETN(H),"6,060",15,-0.25%,0,32,"6,180","6,180","6,000","6,100","6,155",0,665,"9,660","80,006","1,000",0.00,61,N/A,N/A,N/A,N/A,N/A,N/A,N/A,N/A,N/A,N/A,N/A,N/A,N/A,N/A
1667,HK 베스트일레븐액티브,"8,635",135,-1.54%,0,1,"8,635","8,635","8,635","8,655","8,675",0,12,"30,054","29,999",700,0.00,60,N/A,N/A,N/A,N/A,N/A,N/A,N/A,N/A,N/A,N/A,N/A,N/A,N/A,N/A
1668,TIGER 200 경기소비재,"15,765",185,-1.16%,0,"1,073","15,920","15,920","15,735","15,745","15,785",17,"1,514","19,370","22,129",380,0.35,60,N/A,N/A,N/A,N/A,N/A,N/A,N/A,N/A,N/A,N/A,N/A,N/A,N/A,N/A
1669,KBSTAR 200산업재,"11,885",415,+3.62%,0,61,"11,505","11,885","11,505","11,810","11,845",0,22,"10,127","10,047",500,0.00,59,N/A,N/A,N/A,N/A,N/A,N/A,N/A,N/A,N/A,N/A,N/A,N/A,N/A,N/A
1670,신한 인버스 WTI원유 선물 ETN(H),"2,965",105,+3.67%,0,"410,331","2,975","2,985","2,890","2,970","2,975","1,211","530,999","76,500","63,664","2,000",0.00,59,N/A,N/A,N/A,N/A,N/A,N/A,N/A,N/A,N/A,N/A,N/A,N/A,N/A,N/A
1671,파워 중기국고채,"98,700",0,0.00%,0,0,"98,700","98,700","98,700","98,680","98,740",0,0,"3,000","3,000",60,0.00,59,N/A,N/A,N/A,N/A,N/A,N/A,N/A,N/A,N/A,N/A,N/A,N/A,N/A,N/A
1672,ARIRANG KS모멘텀가중TR,"14,710",65,-0.44%,0,28,"14,745","14,745","14,610","14,670","14,695",0,26,"20,047","15,040",400,0.00,59,N/A,N/A,N/A,N/A,N/A,N/A,N/A,N/A,N/A,N/A,N/A,N/A,N/A,N/A
1673,KINDEX 싱가포르리츠채권혼합모닝스타,"9,795",75,+0.77%,0,105,"9,795","9,795","9,795","9,705","9,795",1,103,"9,506","9,305",600,0.00,59,N/A,N/A,N/A,N/A,N/A,N/A,N/A,N/A,N/A,N/A,N/A,N/A,N/A,N/A
1674,KINDEX Fn5G플러스,"8,395",140,-1.64%,0,22,"8,500","8,500","8,385","8,385","8,400",0,110,"35,137","18,589",700,0.00,59,N/A,N/A,N/A,N/A,N/A,N/A,N/A,N/A,N/A,N/A,N/A,N/A,N/A,N/A
1675,KINDEX 인버스,"5,305",85,+1.63%,0,"3,178","5,290","5,350","5,285","5,310","5,340",16,"11,936","5,334","6,566","1,100",2.08,58,N/A,N/A,N/A,N/A,N/A,N/A,N/A,N/A,N/A,N/A,N/A,N/A,N/A,N/A
1676,HANARO KRX기후변화솔루션,"8,970",95,-1.05%,0,21,"9,020","9,020","8,970","8,950","8,975",0,51,"40,023","24,986",650,0.00,58,N/A,N/A,N/A,N/A,N/A,N/A,N/A,N/A,N/A,N/A,N/A,N/A,N/A,N/A
1677,KBSTAR 200고배당커버드콜ATM,"8,280",25,+0.30%,0,25,"8,280","8,280","8,235","8,265","8,295",0,361,"10,058","40,486",700,0.00,58,N/A,N/A,N/A,N/A,N/A,N/A,N/A,N/A,N/A,N/A,N/A,N/A,N/A,N/A
1678,ARIRANG 탄소효율그린뉴딜,"8,915",135,-1.49%,0,362,"9,055","9,055","8,915","8,920","8,950",3,238,"10,150","10,446",650,0.00,58,N/A,N/A,N/A,N/A,N/A,N/A,N/A,N/A,N/A,N/A,N/A,N/A,N/A,N/A
1679,KBSTAR 우량업종,"11,565",0,0.00%,0,84,"11,505","11,565","11,505","11,545","11,585",0,13,"10,070","10,162",500,0.00,58,N/A,N/A,N/A,N/A,N/A,N/A,N/A,N/A,N/A,N/A,N/A,N/A,N/A,N/A
1680,KB 레버리지 KRX 2차전지 K-뉴딜 ETN,"5,745",270,-4.49%,0,"26,760","5,910","5,915","5,700","5,700","5,745",156,"3,319","49,942","46,824","1,000",0.00,57,N/A,N/A,N/A,N/A,N/A,N/A,N/A,N/A,N/A,N/A,N/A,N/A,N/A,N/A
1681,삼성 레버리지 KRX 2차전지 K-뉴딜 ETN,"5,725",280,-4.66%,0,"79,239","5,970","5,970","5,670","5,700","5,725",461,"4,568","60,283","80,900","1,000",0.00,57,N/A,N/A,N/A,N/A,N/A,N/A,N/A,N/A,N/A,N/A,N/A,N/A,N/A,N/A
1682,ARIRANG KS로우사이즈가중TR,"16,210",150,-0.92%,0,26,"16,330","16,330","16,170","16,165","16,200",0,21,"20,044","15,040",350,0.00,57,N/A,N/A,N/A,N/A,N/A,N/A,N/A,N/A,N/A,N/A,N/A,N/A,N/A,N/A
1683,KBSTAR 200에너지화학,"11,320",170,-1.48%,0,184,"11,390","11,390","11,280","11,320","11,330",2,342,"9,975","10,122",500,0.00,57,N/A,N/A,N/A,N/A,N/A,N/A,N/A,N/A,N/A,N/A,N/A,N/A,N/A,N/A
1684,TIGER 200 산업재,"6,565",205,+3.22%,0,"69,297","6,360","6,585","6,345","6,540","6,560",453,"7,840","48,287","47,404",860,0.99,56,N/A,N/A,N/A,N/A,N/A,N/A,N/A,N/A,N/A,N/A,N/A,N/A,N/A,N/A
1685,KBSTAR 미국장기국채선물(H),"11,255",15,-0.13%,0,"10,624","11,280","11,470","11,115","11,115","11,260",119,"1,465","10,049","82,167",500,0.00,56,N/A,N/A,N/A,N/A,N/A,N/A,N/A,N/A,N/A,N/A,N/A,N/A,N/A,N/A
1686,KINDEX Fn K-뉴딜디지털플러스,"11,225",260,-2.26%,0,175,"11,325","11,325","11,225","11,160","11,190",1,51,"20,050","19,827",500,0.00,56,N/A,N/A,N/A,N/A,N/A,N/A,N/A,N/A,N/A,N/A,N/A,N/A,N/A,N/A
1687,진흥기업우B,"6,510",0,0.00%,500,516,"6,350","6,510","6,350","6,490","6,510",3,"5,556",85,443,857,0.10,56,N/A,N/A,N/A,N/A,N/A,N/A,356,N/A,N/A,18.29,N/A,N/A,6.00,N/A
1688,KG동부제철우,"104,500",500,+0.48%,"5,000",19,"104,000","104,500","104,000","102,000","104,500",1,24,12,24,53,0.00,56,N/A,N/A,N/A,N/A,N/A,N/A,"1,720",N/A,N/A,60.76,N/A,N/A,9.32,N/A
1689,마이티 200커버드콜ATM레버리지,"9,195",250,-2.65%,0,3,"9,200","9,200","9,195","9,195","9,225",0,0,"10,106","10,108",600,0.00,55,N/A,N/A,N/A,N/A,N/A,N/A,N/A,N/A,N/A,N/A,N/A,N/A,N/A,N/A
1690,KBSTAR 차이나항셍테크,"6,410",210,-3.17%,0,"4,953","6,580","6,595","6,365","6,400","6,415",31,"11,524","16,536","15,559",850,0.68,54,N/A,N/A,N/A,N/A,N/A,N/A,N/A,N/A,N/A,N/A,N/A,N/A,N/A,N/A
1691,SOL 중국본토 중소형 CSI500(합성 H),"6,035",30,-0.49%,0,249,"6,070","6,070","6,035","6,020","6,035",1,815,"5,011","5,240",900,0.00,54,N/A,N/A,N/A,N/A,N/A,N/A,N/A,N/A,N/A,N/A,N/A,N/A,N/A,N/A
1692,HK S&P코리아로우볼,"11,950",0,0.00%,0,0,"11,950","11,950","11,950","12,025","12,080",0,0,"20,000","20,000",450,0.00,54,N/A,N/A,N/A,N/A,N/A,N/A,N/A,N/A,N/A,N/A,N/A,N/A,N/A,N/A
1693,ARIRANG 코스피중형주,"11,940",20,-0.17%,0,204,"12,035","12,035","11,880","11,885","11,930",2,20,"19,908","14,896",450,0.00,54,N/A,N/A,N/A,N/A,N/A,N/A,N/A,N/A,N/A,N/A,N/A,N/A,N/A,N/A
1694,KODEX 미국채울트라30년선물인버스(H),"7,625",50,-0.65%,0,"13,246","7,660","7,660","7,535","7,595","7,620",100,"5,660","21,986","97,332",700,0.00,53,N/A,N/A,N/A,N/A,N/A,N/A,N/A,N/A,N/A,N/A,N/A,N/A,N/A,N/A
1695,성문전자우,"8,890",0,0.00%,500,94,"8,880","8,890","8,880","8,880","8,910",0,"1,583",342,3,600,1.48,53,N/A,N/A,N/A,N/A,N/A,N/A,78,N/A,N/A,113.97,N/A,N/A,5.65,N/A
1696,TRUE 레버리지 HSCEI ETN(H),"5,320",280,-5.00%,0,"9,770","5,385","5,450","5,260","5,320","5,325",51,"25,431","13,931","114,204","1,000",0.00,53,N/A,N/A,N/A,N/A,N/A,N/A,N/A,N/A,N/A,N/A,N/A,N/A,N/A,N/A
1697,HANARO 코스닥150선물레버리지,"10,580",450,-4.08%,0,"3,478","10,810","10,870","10,480","10,560","10,595",36,"5,956","13,005","16,891",500,0.79,53,N/A,N/A,N/A,N/A,N/A,N/A,N/A,N/A,N/A,N/A,N/A,N/A,N/A,N/A
1698,KODEX 멀티에셋하이인컴(H),"10,385",85,-0.81%,0,4,"10,505","10,505","10,385","10,455","10,475",0,32,"4,154","7,280",500,0.00,52,N/A,N/A,N/A,N/A,N/A,N/A,N/A,N/A,N/A,N/A,N/A,N/A,N/A,N/A
1699,KODEX K-이노베이션액티브,"10,385",190,-1.80%,0,"1,022","10,540","10,540","10,370","10,370","10,400",10,"1,565","20,036","16,210",500,0.00,52,N/A,N/A,N/A,N/A,N/A,N/A,N/A,N/A,N/A,N/A,N/A,N/A,N/A,N/A
1700,KODEX 국채선물3년인버스,"50,590",55,+0.11%,0,11,"50,595","50,595","50,590","50,545","50,595",0,0,"3,000","2,989",102,0.00,52,N/A,N/A,N/A,N/A,N/A,N/A,N/A,N/A,N/A,N/A,N/A,N/A,N/A,N/A
N,종목명,현재가,전일비,등락률,액면가,거래량,시가,고가,저가,매수호가,매도호가,거래대금,전일거래량,매수총잔량,매도총잔량,상장주식수,외국인비율,시가총액,매출액,자산총계,부채총계,영업이익,매출액증가율,당기순이익,주당순이익,보통주배당금,영업이익증가율,PER,ROE,ROA,PBR,유보율
1701,HK 하이볼액티브,"8,560",45,-0.52%,0,1,"8,560","8,560","8,560","8,525","8,555",0,55,"20,000","15,000",600,0.00,51,N/A,N/A,N/A,N/A,N/A,N/A,N/A,N/A,N/A,N/A,N/A,N/A,N/A,N/A
1702,TIGER 지주회사,"10,230",45,-0.44%,0,"1,241","10,275","10,295","10,165","10,235","10,255",12,"1,606","12,125","11,019",500,0.00,51,N/A,N/A,N/A,N/A,N/A,N/A,N/A,N/A,N/A,N/A,N/A,N/A,N/A,N/A
1703,KINDEX 국채선물3년인버스,"101,180",0,0.00%,0,0,"101,180","101,180","101,180","101,190","101,250",0,0,"3,000","3,000",50,0.00,51,N/A,N/A,N/A,N/A,N/A,N/A,N/A,N/A,N/A,N/A,N/A,N/A,N/A,N/A
1704,KBSTAR 200선물인버스,"5,590",70,+1.27%,0,"6,856","5,520","5,620","5,520","5,590","5,605",38,"23,766","2,156","9,813",900,0.88,50,N/A,N/A,N/A,N/A,N/A,N/A,N/A,N/A,N/A,N/A,N/A,N/A,N/A,N/A
1705,KINDEX 국채선물10년인버스,"99,545",540,-0.54%,0,1,"99,545","99,545","99,545","99,810","99,890",0,1,"4,002","3,999",50,0.00,50,N/A,N/A,N/A,N/A,N/A,N/A,N/A,N/A,N/A,N/A,N/A,N/A,N/A,N/A
1706,KOSEF 코스닥150선물인버스,"8,415",150,+1.81%,0,"4,728","8,325","8,455","8,325","8,420","8,435",39,"16,440","17,084","16,492",590,0.00,50,N/A,N/A,N/A,N/A,N/A,N/A,N/A,N/A,N/A,N/A,N/A,N/A,N/A,N/A
1707,KBSTAR 200경기소비재,"9,915",140,-1.39%,0,50,"10,015","10,015","9,910","9,915","9,930",0,412,"10,164","10,108",500,0.00,50,N/A,N/A,N/A,N/A,N/A,N/A,N/A,N/A,N/A,N/A,N/A,N/A,N/A,N/A
1708,진흥기업2우B,"16,700",50,-0.30%,500,"1,894","16,750","16,750","16,700","16,550","16,700",31,"4,044",87,319,295,0.26,49,N/A,N/A,N/A,N/A,N/A,N/A,356,N/A,N/A,46.91,N/A,N/A,15.40,N/A
1709,미래에셋 인버스 전기전자 Core5 ETN,"2,445",55,+2.30%,0,15,"2,425","2,445","2,405","2,455","2,475",0,"1,038","20,002","39,999","2,000",0.00,49,N/A,N/A,N/A,N/A,N/A,N/A,N/A,N/A,N/A,N/A,N/A,N/A,N/A,N/A
1710,ARIRANG 200동일가중,"10,765",15,-0.14%,0,21,"10,825","10,825","10,695","10,730","10,760",0,20,"6,001","5,983",450,0.00,48,N/A,N/A,N/A,N/A,N/A,N/A,N/A,N/A,N/A,N/A,N/A,N/A,N/A,N/A
1711,동양우,"7,790",80,-1.02%,500,"2,671","7,880","7,880","7,770","7,800","7,860",20,"7,123","2,254",13,618,0.32,48,N/A,N/A,N/A,N/A,N/A,N/A,-56,N/A,N/A,-139.11,N/A,N/A,1.95,N/A
1712,KOSEF 200선물인버스,"5,610",75,+1.36%,0,"26,351","5,555","5,630","5,555","5,610","5,620",147,"3,678","14,112","32,593",850,0.04,48,N/A,N/A,N/A,N/A,N/A,N/A,N/A,N/A,N/A,N/A,N/A,N/A,N/A,N/A
1713,KBSTAR 200철강소재,"9,125",120,+1.33%,0,"1,954","9,055","9,125","8,965","9,100","9,120",17,"8,930","15,870","14,136",520,0.00,48,N/A,N/A,N/A,N/A,N/A,N/A,N/A,N/A,N/A,N/A,N/A,N/A,N/A,N/A
1714,동양2우B,"15,300",400,-2.55%,500,"7,995","15,700","15,700","15,200","15,350","15,400",122,"13,113",972,109,309,0.00,47,N/A,N/A,N/A,N/A,N/A,N/A,-56,N/A,N/A,-273.21,N/A,N/A,3.84,N/A
1715,TRUE 인버스 나스닥 100 ETN,"4,675",125,+2.75%,0,"12,288","4,610","4,730","4,610","4,675","4,680",57,"7,435","149,126","249,934","1,000",0.00,47,N/A,N/A,N/A,N/A,N/A,N/A,N/A,N/A,N/A,N/A,N/A,N/A,N/A,N/A
1716,삼성 레버리지 HSCEI ETN(H),"4,645",240,-4.91%,0,158,"4,735","4,735","4,630","4,635","4,640",0,"1,717","20,279","30,016","1,000",0.00,46,N/A,N/A,N/A,N/A,N/A,N/A,N/A,N/A,N/A,N/A,N/A,N/A,N/A,N/A
1717,TIGER 가격조정,"23,185",165,-0.71%,0,"2,351","23,350","23,350","23,095","23,170","23,215",54,867,"5,960","6,305",200,0.00,46,N/A,N/A,N/A,N/A,N/A,N/A,N/A,N/A,N/A,N/A,N/A,N/A,N/A,N/A
1718,TIGER 방송통신,"9,265",70,+0.76%,0,"1,397","9,230","9,265","9,130","9,225","9,230",12,738,"23,405","23,289",500,0.00,46,N/A,N/A,N/A,N/A,N/A,N/A,N/A,N/A,N/A,N/A,N/A,N/A,N/A,N/A
1719,KODEX MSCI EM선물(H),"9,120",210,-2.25%,0,"2,144","9,400","9,400","9,050","9,065","9,125",19,119,"19,052","18,985",500,0.00,46,N/A,N/A,N/A,N/A,N/A,N/A,N/A,N/A,N/A,N/A,N/A,N/A,N/A,N/A
1720,KBSTAR 200금융,"9,110",90,-0.98%,0,"1,049","9,230","9,230","9,045","9,095","9,115",9,"4,785","10,165","10,290",500,0.00,46,N/A,N/A,N/A,N/A,N/A,N/A,N/A,N/A,N/A,N/A,N/A,N/A,N/A,N/A
1721,ARIRANG KS로우볼가중TR,"13,000",120,-0.91%,0,24,"13,085","13,085","12,930","12,965","12,995",0,20,"24,994","6,886",350,0.00,46,N/A,N/A,N/A,N/A,N/A,N/A,N/A,N/A,N/A,N/A,N/A,N/A,N/A,N/A
1722,신한 인버스 2X 금 선물 ETN,"4,540",35,-0.77%,0,"2,571","4,525","4,550","4,495","4,535","4,540",11,"16,082","60,188","59,139","1,000",0.00,45,N/A,N/A,N/A,N/A,N/A,N/A,N/A,N/A,N/A,N/A,N/A,N/A,N/A,N/A
1723,KINDEX 차이나항셍테크,"6,300",190,-2.93%,0,"6,933","6,450","6,460","6,280","6,285","6,300",44,"8,649","1,138","15,646",700,0.01,44,N/A,N/A,N/A,N/A,N/A,N/A,N/A,N/A,N/A,N/A,N/A,N/A,N/A,N/A
1724,ARIRANG 코스닥150선물인버스,"7,340",120,+1.66%,0,"35,301","7,265","7,375","7,255","7,345","7,355",258,"12,587","13,140","14,626",600,0.02,44,N/A,N/A,N/A,N/A,N/A,N/A,N/A,N/A,N/A,N/A,N/A,N/A,N/A,N/A
1725,흥국화재2우B,"28,400",100,-0.35%,"5,000",229,"28,150","28,400","28,150","28,350","28,400",6,"1,461",86,30,154,0.06,44,N/A,N/A,N/A,N/A,N/A,N/A,"1,044",N/A,N/A,27.20,N/A,N/A,2.58,N/A
1726,HANARO KAP초장기국고채,"42,715",130,+0.31%,0,29,"42,415","42,840","42,415","42,715","42,750",1,669,"2,294","2,244",102,0.00,44,N/A,N/A,N/A,N/A,N/A,N/A,N/A,N/A,N/A,N/A,N/A,N/A,N/A,N/A
1727,TIGER 200 생활소비재,"9,875",40,-0.40%,0,"13,821","9,915","9,915","9,820","9,845","9,865",136,"8,508","12,522","12,540",440,0.00,43,N/A,N/A,N/A,N/A,N/A,N/A,N/A,N/A,N/A,N/A,N/A,N/A,N/A,N/A
1728,ARIRANG 주도업종,"9,555",190,-1.95%,0,78,"9,700","9,700","9,530","9,515","9,545",0,736,"24,055","19,021",450,11.11,43,N/A,N/A,N/A,N/A,N/A,N/A,N/A,N/A,N/A,N/A,N/A,N/A,N/A,N/A
1729,KBSTAR 국채선물10년인버스,"49,775",85,-0.17%,0,364,"49,865","49,865","49,765","49,725","49,775",18,8,"1,643","1,995",86,0.00,43,N/A,N/A,N/A,N/A,N/A,N/A,N/A,N/A,N/A,N/A,N/A,N/A,N/A,N/A
1730,미래에셋 인버스 원유선물혼합 ETN(H),"4,160",150,+3.74%,0,"72,494","4,180","4,185","4,055","4,170","4,175",301,"116,705","56,179","57,649","1,000",0.00,42,N/A,N/A,N/A,N/A,N/A,N/A,N/A,N/A,N/A,N/A,N/A,N/A,N/A,N/A
1731,대신 인버스 아연선물 ETN(H),"5,910",25,-0.42%,0,800,"5,875","5,960","5,860","5,905","5,910",4,"1,549",286,"140,055",700,0.00,41,N/A,N/A,N/A,N/A,N/A,N/A,N/A,N/A,N/A,N/A,N/A,N/A,N/A,N/A
1732,하나 레버리지 KRX BBIG K-뉴딜 ETN,"4,060",165,-3.91%,0,"12,591","4,240","4,240","4,060","4,050","4,065",52,12,"28,006","40,000","1,000",0.00,41,N/A,N/A,N/A,N/A,N/A,N/A,N/A,N/A,N/A,N/A,N/A,N/A,N/A,N/A
1733,KBSTAR 200중공업,"10,135",170,+1.71%,0,"2,953","10,000","10,135","9,975","10,120","10,125",29,"18,319","9,824","10,367",400,0.00,40,N/A,N/A,N/A,N/A,N/A,N/A,N/A,N/A,N/A,N/A,N/A,N/A,N/A,N/A
1734,삼성 레버리지 KRX BBIG K-뉴딜 ETN,"4,050",200,-4.71%,0,"16,602","4,260","4,260","4,050","4,035","4,060",69,212,"12,665","80,000","1,000",0.00,40,N/A,N/A,N/A,N/A,N/A,N/A,N/A,N/A,N/A,N/A,N/A,N/A,N/A,N/A
1735,KB 레버리지 KRX BBIG K-뉴딜 ETN,"4,050",245,-5.70%,0,"13,628","4,245","4,245","4,050","4,035","4,060",56,"2,572","13,519","42,595","1,000",0.00,40,N/A,N/A,N/A,N/A,N/A,N/A,N/A,N/A,N/A,N/A,N/A,N/A,N/A,N/A
1736,QV 인버스 레버리지 S&P500 ETN,"2,020",70,+3.59%,0,"7,377","2,005","2,055","2,005","2,015","2,020",14,"12,933","66,061","300,150","2,000",0.00,40,N/A,N/A,N/A,N/A,N/A,N/A,N/A,N/A,N/A,N/A,N/A,N/A,N/A,N/A
1737,KBSTAR 미국장기국채선물인버스(H),"8,065",45,-0.55%,0,"1,387","8,120","8,120","8,000","8,075","8,080",11,273,"7,169","84,401",500,0.00,40,N/A,N/A,N/A,N/A,N/A,N/A,N/A,N/A,N/A,N/A,N/A,N/A,N/A,N/A
1738,KODEX 골드선물인버스(H),"6,660",35,-0.52%,0,"5,272","6,635","6,675","6,615","6,655","6,660",34,501,"30,413","29,721",600,0.00,40,N/A,N/A,N/A,N/A,N/A,N/A,N/A,N/A,N/A,N/A,N/A,N/A,N/A,N/A
1739,KBSTAR 코스피ex200,"13,300",100,-0.75%,0,322,"13,270","13,390","13,270","13,265","13,300",4,623,"13,878","14,047",300,0.00,40,N/A,N/A,N/A,N/A,N/A,N/A,N/A,N/A,N/A,N/A,N/A,N/A,N/A,N/A
1740,ARIRANG 중형주저변동50,"11,220",5,+0.04%,0,26,"11,280","11,280","11,105","11,175","11,205",0,45,"10,097","7,040",350,0.00,39,N/A,N/A,N/A,N/A,N/A,N/A,N/A,N/A,N/A,N/A,N/A,N/A,N/A,N/A
1741,삼성 레버리지 항셍테크 ETN(H),"3,805",320,-7.76%,0,"164,117","3,875","3,925","3,795","3,800","3,805",629,"122,465","31,277","47,024","1,000",0.00,38,N/A,N/A,N/A,N/A,N/A,N/A,N/A,N/A,N/A,N/A,N/A,N/A,N/A,N/A
1742,KBSTAR 200생활소비재,"7,535",20,-0.26%,0,159,"7,560","7,560","7,510","7,520","7,535",1,"23,092","10,179","10,021",500,0.00,38,N/A,N/A,N/A,N/A,N/A,N/A,N/A,N/A,N/A,N/A,N/A,N/A,N/A,N/A
1743,KBSTAR 코스닥150선물인버스,"4,885",90,+1.88%,0,"58,351","4,830","4,910","4,830","4,885","4,895",284,"27,563","29,860","20,772",750,0.00,37,N/A,N/A,N/A,N/A,N/A,N/A,N/A,N/A,N/A,N/A,N/A,N/A,N/A,N/A
1744,ARIRANG KS퀄리티가중TR,"14,425",210,-1.43%,0,23,"14,590","14,590","14,395","14,395","14,420",0,20,"24,994","14,039",250,0.00,36,N/A,N/A,N/A,N/A,N/A,N/A,N/A,N/A,N/A,N/A,N/A,N/A,N/A,N/A
1745,동양3우B,"37,850","4,150",-9.88%,500,"17,023","40,450","40,450","37,750","38,500","39,000",659,"32,666",183,271,90,0.39,34,N/A,N/A,N/A,N/A,N/A,N/A,-56,N/A,N/A,-675.89,N/A,N/A,9.50,N/A
1746,KBSTAR 미국장기국채선물인버스2X(합성 H),"6,125",125,-2.00%,0,"1,491","6,175","6,175","6,050","6,100","6,125",9,"3,774","5,636","10,513",550,0.00,34,N/A,N/A,N/A,N/A,N/A,N/A,N/A,N/A,N/A,N/A,N/A,N/A,N/A,N/A
1747,신원우,"36,650",200,-0.54%,500,83,"37,500","37,500","35,500","36,000","36,800",3,181,28,35,91,0.56,33,N/A,N/A,N/A,N/A,N/A,N/A,39,N/A,N/A,939.74,N/A,N/A,13.49,N/A
1748,ARIRANG ESG우수기업,"9,215",20,-0.22%,0,278,"9,235","9,235","9,165","9,200","9,215",2,234,"14,990","15,128",350,0.00,32,N/A,N/A,N/A,N/A,N/A,N/A,N/A,N/A,N/A,N/A,N/A,N/A,N/A,N/A
1749,QV 인버스 레버리지 WTI원유 선물 ETN(H),145,0,0.00%,0,"1,132,077",150,155,145,145,150,168,"2,694,052","5,255,282","1,745,430","20,000",0.00,29,N/A,N/A,N/A,N/A,N/A,N/A,N/A,N/A,N/A,N/A,N/A,N/A,N/A,N/A
1750,대신 인버스 2X 니켈선물 ETN(H),"1,415",100,-6.60%,0,"219,544","1,465","1,495","1,410","1,410","1,420",316,"310,402","167,998","143,160","2,000",0.00,28,N/A,N/A,N/A,N/A,N/A,N/A,N/A,N/A,N/A,N/A,N/A,N/A,N/A,N/A
N,종목명,현재가,전일비,등락률,액면가,거래량,시가,고가,저가,매수호가,매도호가,거래대금,전일거래량,매수총잔량,매도총잔량,상장주식수,외국인비율,시가총액,매출액,자산총계,부채총계,영업이익,매출액증가율,당기순이익,주당순이익,보통주배당금,영업이익증가율,PER,ROE,ROA,PBR,유보율
1751,ARIRANG KRX300헬스케어,"9,415",120,-1.26%,0,438,"9,540","9,540","9,375","9,370","9,420",4,"1,702","5,027","4,621",300,16.67,28,N/A,N/A,N/A,N/A,N/A,N/A,N/A,N/A,N/A,N/A,N/A,N/A,N/A,N/A
1752,신한 인버스 브렌트원유 선물 ETN(H),"2,585",75,+2.99%,0,"42,506","2,585","2,610","2,550","2,585","2,610",109,"22,087","20,030","20,281","1,000",0.00,26,N/A,N/A,N/A,N/A,N/A,N/A,N/A,N/A,N/A,N/A,N/A,N/A,N/A,N/A
1753,ARIRANG 코스닥150,"12,740",210,-1.62%,0,652,"12,950","12,950","12,720","12,705","12,740",8,"2,077","9,791","9,701",200,4.05,25,N/A,N/A,N/A,N/A,N/A,N/A,N/A,N/A,N/A,N/A,N/A,N/A,N/A,N/A
1754,KBSTAR 국채선물5년추종,"48,760",5,+0.01%,0,2,"48,740","48,760","48,740","48,735","48,770",0,3,"8,000","7,998",48,0.00,23,N/A,N/A,N/A,N/A,N/A,N/A,N/A,N/A,N/A,N/A,N/A,N/A,N/A,N/A
1755,KBSTAR 국채선물10년,"53,285",70,+0.13%,0,448,"53,200","53,285","53,100","53,250","53,285",23,369,"4,109","4,447",40,0.00,21,N/A,N/A,N/A,N/A,N/A,N/A,N/A,N/A,N/A,N/A,N/A,N/A,N/A,N/A
1756,대신 인버스 니켈선물 ETN(H),"3,020",110,-3.51%,0,"3,211","3,040","3,075","3,020","3,020","3,025",9,"2,600","20,171","140,044",700,0.00,21,N/A,N/A,N/A,N/A,N/A,N/A,N/A,N/A,N/A,N/A,N/A,N/A,N/A,N/A
1757,KBSTAR 팔라듐선물인버스(H),"3,705",165,-4.26%,0,"6,574","3,765","3,765","3,665","3,715","3,730",24,"1,475","10,275","22,067",500,0.00,19,N/A,N/A,N/A,N/A,N/A,N/A,N/A,N/A,N/A,N/A,N/A,N/A,N/A,N/A
1758,SOL 선진국MSCI World(합성 H),"17,625",290,-1.62%,0,71,"17,555","17,625","17,375","17,625","17,630",1,5,"15,011","12,060",100,0.00,18,N/A,N/A,N/A,N/A,N/A,N/A,N/A,N/A,N/A,N/A,N/A,N/A,N/A,N/A
